1590892657.895226969 0.000257672 2.04786e-09 1.90742e-05
1590892657.945104355 0.000287644 2.43129e-09 1.16277e-05
1590892657.994189563 0.000163587 4.82877e-10 2.60659e-05
1590892658.054705890 0.000208674 1.5362e-09 3.0002e-05
1590892658.103975934 0.00024325 2.43837e-09 3.26201e-05
1590892658.153475464 0.000273223 3.16014e-09 2.5174e-05
1590892658.202892814 0.000149166 -1.88696e-10 3.96123e-05
1590892658.252568807 0.000194253 1.3736e-09 4.35484e-05
1590892658.302597435 0.000228829 2.66609e-09 4.61664e-05
1590892658.352527516 0.000258802 3.72621e-09 3.87203e-05
1590892658.402546841 0.000134745 -1.02307e-09 5.31587e-05
1590892658.452826672 0.000179832 1.04821e-09 5.70949e-05
1590892658.502906273 0.000214408 2.73102e-09 5.97129e-05
1590892658.553112630 0.000244381 4.12949e-09 5.22668e-05
1590892658.603192763 0.000120323 -2.02025e-09 6.67053e-05
1590892658.653204649 0.000165411 5.60021e-10 7.06415e-05
1590892658.703479808 0.000199987 2.63315e-09 7.32595e-05
1590892658.753639296 0.00022996 4.36998e-09 6.58134e-05
1590892658.803538335 0.000105902 -3.18023e-09 8.0252e-05
1590892658.853638341 0.00015099 -9.09678e-11 8.41882e-05
1590892658.903680841 0.000185566 2.37249e-09 8.68062e-05
1590892658.954374365 0.000215539 4.44768e-09 7.93601e-05
1590892659.004082797 9.14812e-05 -4.50301e-09 9.37988e-05
1590892659.054521789 0.000136569 -9.04757e-10 9.77351e-05
1590892659.104970904 0.000171145 1.94903e-09 0.000100353
1590892659.155003489 0.000201117 4.36258e-09 9.2907e-05
1590892659.204953073 7.70601e-05 -5.9886e-09 0.000107346
1590892659.255604153 0.000122148 -1.88135e-09 0.000111282
1590892659.305833419 0.000156724 1.36277e-09 0.0001139
1590892659.356151866 0.000186696 4.11468e-09 0.000106454
1590892659.406139306 6.2639e-05 -7.63701e-09 0.000120893
1590892659.456091154 0.000107727 -3.02075e-09 0.000124829
1590892659.506372279 0.000142303 6.13705e-10 0.000127447
1590892659.556552623 0.000172275 3.70398e-09 0.000120001
1590892659.606564358 4.82178e-05 -9.44822e-09 0.00013444
1590892659.657661324 9.33054e-05 -4.32295e-09 0.000138376
1590892659.707655023 0.000127881 -2.98159e-10 0.000140994
1590892659.757473720 0.000157854 3.13049e-09 0.000133548
1590892659.807063306 3.37966e-05 -1.14222e-08 0.000147987
1590892659.857403233 7.88842e-05 -5.78796e-09 0.000151924
1590892659.908000185 0.00011346 -1.37283e-09 0.000154542
1590892659.957510941 0.000143433 2.39419e-09 0.000147096
1590892660.008452416 1.93754e-05 -1.35591e-08 0.000161535
1590892660.058508207 6.4463e-05 -7.41579e-09 0.000165471
1590892660.108397780 9.9039e-05 -2.6103e-09 0.000168089
1590892660.158443089 0.000129011 1.49508e-09 0.000160643
1590892660.208623943 4.95418e-06 -1.58587e-08 0.000175082
1590892660.258953273 5.00418e-05 -9.20642e-09 0.000179019
1590892660.309078433 8.46177e-05 -4.01059e-09 0.000181637
1590892660.359967267 0.00011459 4.3317e-10 0.000174191
1590892660.409659844 -9.46706e-06 -1.83212e-08 0.00018863
1590892660.459549330 3.56206e-05 -1.11599e-08 0.000192566
1590892660.509280106 7.01965e-05 -5.57369e-09 0.000195184
1590892660.559840112 0.000100169 -7.91549e-10 0.000187738
1590892660.610053829 -2.38883e-05 -2.09465e-08 0.000202178
1590892660.660074666 2.11993e-05 -1.32761e-08 0.000206114
1590892660.710289162 5.57752e-05 -7.29959e-09 0.000208732
1590892660.760545418 8.57477e-05 -2.17908e-09 0.000201286
1590892660.810220278 -3.83096e-05 -2.37346e-08 0.000215726
1590892660.860673471 6.77805e-06 -1.55552e-08 0.000219662
1590892660.910667692 4.1354e-05 -9.18832e-09 0.00022228
1590892660.961454579 7.13264e-05 -3.72942e-09 0.000214834
1590892661.011519213 -5.27309e-05 -2.66856e-08 0.000229274
1590892661.061317968 -7.64324e-06 -1.79971e-08 0.00023321
1590892661.112507243 2.69327e-05 -1.12399e-08 0.000235828
1590892661.162806147 5.6905e-05 -5.44257e-09 0.000228382
1590892661.212805055 -6.71522e-05 -2.97994e-08 0.000242822
1590892661.262861321 -2.20645e-05 -2.06018e-08 0.000246759
1590892661.313604197 1.25114e-05 -1.34542e-08 0.000249376
1590892661.366601201 4.24837e-05 -7.31855e-09 0.00024193
1590892661.415619998 -8.15735e-05 -3.3076e-08 0.00025637
1590892661.464975576 -3.64859e-05 -2.33694e-08 0.000260307
1590892661.515282571 -1.90995e-06 -1.58314e-08 0.000262925
1590892661.565123545 2.80623e-05 -9.35733e-09 0.000255479
1590892661.614863076 -9.59948e-05 -3.65154e-08 0.000269919
1590892661.664796921 -5.09072e-05 -2.62998e-08 0.000273855
1590892661.714839130 -1.63313e-05 -1.83714e-08 0.000276473
1590892661.765016233 1.3641e-05 -1.15589e-08 0.000269027
1590892661.815110520 -0.000110416 -4.01176e-08 0.000283467
1590892661.865182755 -6.53286e-05 -2.9393e-08 0.000287404
1590892661.915054336 -3.07527e-05 -2.10742e-08 0.000290022
1590892661.965314002 -7.80426e-07 -1.39234e-08 0.000282576
1590892662.015478194 -0.000124838 -4.38827e-08 0.000297016
1590892662.065754752 -7.97499e-05 -3.2649e-08 0.000300953
1590892662.117918501 -4.5174e-05 -2.39399e-08 0.00030357
1590892662.168110503 -1.52018e-05 -1.64506e-08 0.000296124
1590892662.218149592 -0.000139259 -4.78107e-08 0.000310565
1590892662.268260942 -9.41713e-05 -3.60679e-08 0.000314501
1590892662.319568031 -5.95954e-05 -2.69683e-08 0.000317119
1590892662.369433970 -2.96233e-05 -1.91407e-08 0.000309673
1590892662.419502001 -0.00015368 -5.19014e-08 0.000324114
1590892662.469209721 -0.000108593 -3.96495e-08 0.00032805
1590892662.519068585 -7.40168e-05 -3.01596e-08 0.000330668
1590892662.569278605 -4.40447e-05 -2.19936e-08 0.000323222
1590892662.619361489 -0.000168102 -5.6155e-08 0.000337663
1590892662.669535103 -0.000123014 -4.33941e-08 0.000341599
1590892662.719475492 -8.84383e-05 -3.35138e-08 0.000344217
1590892662.769778082 -5.84662e-05 -2.50093e-08 0.000336771
1590892662.820819315 -0.000182523 -6.05715e-08 0.000351212
1590892662.871039645 -0.000137436 -4.73014e-08 0.000355149
1590892662.920839123 -0.00010286 -3.70307e-08 0.000357766
1590892662.970797201 -7.28876e-05 -2.81879e-08 0.00035032
1590892663.020927555 -0.000196945 -6.51508e-08 0.000364761
1590892663.071215472 -0.000151857 -5.13716e-08 0.000368698
1590892663.121552464 -0.000117281 -4.07105e-08 0.000371316
1590892663.171534298 -8.73091e-05 -3.15293e-08 0.00036387
1590892663.221673252 -0.000211366 -6.98929e-08 0.000378311
1590892663.271777283 -0.000166279 -5.56047e-08 0.000382247
1590892663.321731900 -0.000131703 -4.45532e-08 0.000384865
1590892663.372450466 -0.000101731 -3.50335e-08 0.000377419
1590892663.422260977 -0.000225788 -7.47979e-08 0.00039186
1590892663.485887802 -0.0001807 -6.00006e-08 0.000395797
1590892663.531059626 -0.000146124 -4.85587e-08 0.000398415
1590892663.577928470 -0.000116152 -3.87006e-08 0.000390969
1590892663.626576486 -0.000240209 -7.98657e-08 0.00040541
1590892663.675742880 -0.000195122 -6.45593e-08 0.000409347
1590892663.724915447 -0.000160546 -5.2727e-08 0.000411964
1590892663.774998589 -0.000130574 -4.25305e-08 0.000404518
1590892663.824616340 -0.000254631 -8.50964e-08 0.00041896
1590892663.874532817 -0.000209543 -6.92809e-08 0.000422896
1590892663.924650063 -0.000174967 -5.70582e-08 0.000425514
1590892663.974802525 -0.000144995 -4.65232e-08 0.000418068
1590892664.024703213 -0.000269052 -9.049e-08 0.000432509
1590892664.074849473 -0.000223965 -7.41653e-08 0.000436446
1590892664.125080182 -0.000189389 -6.15522e-08 0.000439064
1590892664.175141978 -0.000159417 -5.06788e-08 0.000431618
1590892664.225678608 -0.000283474 -9.60463e-08 0.000446059
1590892664.275322425 -0.000238386 -7.92126e-08 0.000449996
1590892664.325571339 -0.00020381 -6.6209e-08 0.000452614
1590892664.375616297 -0.000173838 -5.49973e-08 0.000445168
1590892664.425744333 -0.000297895 -1.01766e-07 0.00045961
1590892664.475630652 -0.000252808 -8.44227e-08 0.000463547
1590892664.525845388 -0.000218232 -7.10287e-08 0.000466164
1590892664.575906029 -0.00018826 -5.94785e-08 0.000458718
1590892664.625804793 -0.000312317 -1.07648e-07 0.00047316
1590892664.676062743 -0.000267229 -8.97957e-08 0.000477097
1590892664.726353134 -0.000232653 -7.60113e-08 0.000479714
1590892664.776469565 -0.000202682 -6.41227e-08 0.000472269
1590892664.826775928 -0.000326739 -1.13693e-07 0.00048671
1590892664.876927147 -0.000281651 -9.53315e-08 0.000490647
1590892664.926997727 -0.000247075 -8.11567e-08 0.000493265
1590892664.977229245 -0.000217103 -6.89296e-08 0.000485819
1590892665.027548043 -0.00034116 -1.199e-07 0.000500261
1590892665.077617748 -0.000296073 -1.0103e-07 0.000504198
1590892665.127467729 -0.000261497 -8.64649e-08 0.000506815
1590892665.177727290 -0.000231525 -7.38995e-08 0.00049937
1590892665.227817812 -0.000355582 -1.26271e-07 0.000513811
1590892665.277812198 -0.000310494 -1.06892e-07 0.000517748
1590892665.327987196 -0.000275918 -9.1936e-08 0.000520366
1590892665.378108146 -0.000245947 -7.90321e-08 0.00051292
1590892665.428065078 -0.000370004 -1.32805e-07 0.000527362
1590892665.478447349 -0.000324916 -1.12916e-07 0.000531299
1590892665.528130371 -0.00029034 -9.757e-08 0.000533917
1590892665.578576450 -0.000260368 -8.43277e-08 0.000526471
1590892665.628536471 -0.000384425 -1.39501e-07 0.000540913
1590892665.678320274 -0.000339338 -1.19103e-07 0.00054485
1590892665.728534761 -0.000304762 -1.03367e-07 0.000547468
1590892665.778560244 -0.00027479 -8.97861e-08 0.000540022
1590892665.828417610 -0.000398847 -1.4636e-07 0.000554464
1590892665.878678166 -0.000353759 -1.25454e-07 0.000558401
1590892665.928769114 -0.000319183 -1.09327e-07 0.000561019
1590892665.978995613 -0.000289212 -9.54073e-08 0.000553573
1590892666.028972708 -0.000413269 -1.53383e-07 0.000568015
1590892666.079091959 -0.000368181 -1.31967e-07 0.000571952
1590892666.129289706 -0.000333605 -1.15449e-07 0.00057457
1590892666.179311536 -0.000303634 -1.01191e-07 0.000567124
1590892666.229338199 -0.00042769 -1.60568e-07 0.000581566
1590892666.279482588 -0.000382603 -1.38642e-07 0.000585504
1590892666.329588141 -0.000348027 -1.21734e-07 0.000588121
1590892666.379856910 -0.000318055 -1.07138e-07 0.000580675
1590892666.429872246 -0.000442112 -1.67916e-07 0.000595118
1590892666.480339325 -0.000397024 -1.45481e-07 0.000599055
1590892666.530182741 -0.000362449 -1.28183e-07 0.000601672
1590892666.580198921 -0.000332477 -1.13248e-07 0.000594227
1590892666.630307806 -0.000456534 -1.75426e-07 0.000608669
1590892666.680541943 -0.000411446 -1.52483e-07 0.000612607
1590892666.730471070 -0.00037687 -1.34794e-07 0.000615224
1590892666.780614340 -0.000346899 -1.19521e-07 0.000607778
1590892666.830621279 -0.000470956 -1.831e-07 0.000622221
1590892666.880505129 -0.000425868 -1.59647e-07 0.000626158
1590892666.930725328 -0.000391292 -1.41568e-07 0.000628776
1590892666.980812131 -0.000361321 -1.25956e-07 0.00062133
1590892667.030907821 -0.000485377 -1.90937e-07 0.000635773
1590892667.081152765 -0.00044029 -1.66975e-07 0.00063971
1590892667.131300844 -0.000405714 -1.48505e-07 0.000642327
1590892667.181225367 -0.000375743 -1.32555e-07 0.000634882
1590892667.231094228 -0.000499799 -1.98936e-07 0.000649325
1590892667.281394144 -0.000454712 -1.74465e-07 0.000653262
1590892667.331674422 -0.000420136 -1.55605e-07 0.000655879
1590892667.382214573 -0.000390164 -1.39316e-07 0.000648434
1590892667.431903247 -0.000514221 -2.07098e-07 0.000662877
1590892667.482084648 -0.000469133 -1.82118e-07 0.000666814
1590892667.532054605 -0.000434558 -1.62867e-07 0.000669431
1590892667.582176907 -0.000404586 -1.4624e-07 0.000661986
1590892667.632235141 -0.000528643 -2.15423e-07 0.000676429
1590892667.682322229 -0.000483555 -1.89934e-07 0.000680366
1590892667.732078741 -0.00044898 -1.70293e-07 0.000682983
1590892667.782275505 -0.000419008 -1.53327e-07 0.000675538
1590892667.832320335 -0.000543065 -2.23912e-07 0.000689981
1590892667.882384866 -0.000497977 -1.97913e-07 0.000693918
1590892667.932547383 -0.000463401 -1.77881e-07 0.000696536
1590892667.982762128 -0.00043343 -1.60577e-07 0.00068909
1590892668.032898396 -0.000557487 -2.32563e-07 0.000703533
1590892668.083141319 -0.000512399 -2.06055e-07 0.000707471
1590892668.133038002 -0.000477823 -1.85632e-07 0.000710088
1590892668.182839426 -0.000447852 -1.6799e-07 0.000702642
1590892668.232965054 -0.000571909 -2.41376e-07 0.000717086
1590892668.283739414 -0.000526821 -2.14359e-07 0.000721023
1590892668.333837751 -0.000492245 -1.93547e-07 0.00072364
1590892668.388049344 -0.000462274 -1.75566e-07 0.000716195
1590892668.436904632 -0.000586331 -2.50353e-07 0.000730638
1590892668.486018171 -0.000541243 -2.22827e-07 0.000734576
1590892668.536034020 -0.000506667 -2.01624e-07 0.000737193
1590892668.585638208 -0.000476696 -1.83305e-07 0.000729748
1590892668.635013752 -0.000600753 -2.59493e-07 0.000744191
1590892668.685279902 -0.000555665 -2.31457e-07 0.000748129
1590892668.735351947 -0.000521089 -2.09864e-07 0.000750746
1590892668.785443788 -0.000491118 -1.91206e-07 0.0007433
1590892668.835612951 -0.000615174 -2.68795e-07 0.000757744
1590892668.885249804 -0.000570087 -2.40251e-07 0.000761682
1590892668.935620289 -0.000535511 -2.18266e-07 0.000764299
1590892668.985490629 -0.00050554 -1.9927e-07 0.000756853
1590892669.035512802 -0.000629596 -2.78261e-07 0.000771297
1590892669.085589647 -0.000584509 -2.49207e-07 0.000775235
1590892669.135805012 -0.000549933 -2.26832e-07 0.000777852
1590892669.185924533 -0.000519962 -2.07498e-07 0.000770406
1590892669.236046448 -0.000644018 -2.87889e-07 0.00078485
1590892669.286322704 -0.000598931 -2.58326e-07 0.000788788
1590892669.336371168 -0.000564355 -2.35561e-07 0.000791405
1590892669.386522799 -0.000534384 -2.15888e-07 0.000783959
1590892669.436458916 -0.00065844 -2.9768e-07 0.000798403
1590892669.486763817 -0.000613353 -2.67608e-07 0.000802341
1590892669.537065256 0.000796094 6.82387e-07 0.000815305
1590892669.586795824 0.0038912 2.77369e-06 0.000806327
1590892669.636822813 0.00852839 5.89573e-06 0.000809498
1590892669.686879370 0.0145278 9.97523e-06 0.000822451
1590892669.737112517 0.022213 1.52137e-05 0.000813474
1590892669.787295984 0.0314401 2.14809e-05 0.000816644
1590892669.837200900 0.0420296 2.87446e-05 0.000829592
1590892669.887386710 0.0543047 3.71848e-05 0.000820616
1590892669.937392999 0.0681219 4.66518e-05 0.000823784
1590892669.987310624 0.0833013 5.71542e-05 0.000836728
1590892670.037784619 0.100166 6.88507e-05 0.00082775
1590892670.087672264 0.118574 8.15721e-05 0.000830917
1590892670.137799184 0.138343 9.53677e-05 0.000843856
1590892670.188116470 0.159798 0.000110375 0.000834874
1590892670.238292152 0.182795 0.000126405 0.000838039
1590892670.288341216 0.207155 0.000143548 0.000850971
1590892670.338573866 0.2332 0.00016192 0.000841981
1590892670.388484764 0.260787 0.000181313 0.000845143
1590892670.438239315 0.289736 0.000201858 0.000858069
1590892670.488372361 0.319734 0.000223313 0.000858471
1590892670.538703678 0.349779 0.000244856 0.000862386
1590892670.588617469 0.379814 0.000266473 0.000865019
1590892670.638604500 0.409844 0.000288027 0.000857524
1590892670.688674226 0.43972 0.000309556 0.000871941
1590892670.738705538 0.469765 0.000331436 0.000875866
1590892670.788814789 0.4998 0.000353391 0.000878504
1590892670.839241343 0.52983 0.000375282 0.000870995
1590892670.889454429 0.559705 0.000397146 0.000885413
1590892670.939401144 0.589751 0.000419364 0.000889337
1590892670.989977431 0.619785 0.000441656 0.000891978
1590892671.040039621 0.649815 0.000463883 0.000884465
1590892671.089852984 0.681506 0.00048709 0.000872958
1590892671.140276097 0.714687 0.000511049 0.000860032
1590892671.190353232 0.749397 0.000535739 0.000847105
1590892671.240576682 0.785638 0.000561126 0.000834178
1590892671.290433448 0.823409 0.000587179 0.000821251
1590892671.340690365 0.862709 0.000613864 0.000808324
1590892671.390714496 0.90354 0.000641147 0.000795397
1590892671.440593623 0.9459 0.000668997 0.000782471
1590892671.490605675 0.989791 0.00069738 0.000769544
1590892671.540780986 1.03521 0.000726263 0.000756617
1590892671.591018669 1.08216 0.000755613 0.00074369
1590892671.641040020 1.13016 0.00078536 0.00074369
1590892671.691320931 1.17816 0.000815108 0.00074369
1590892671.741330952 1.22616 0.000844856 0.00074369
1590892671.791534596 1.27263 0.000873655 0.00074369
1590892671.841533575 1.31757 0.000901506 0.00074369
1590892671.891719589 1.36098 0.000928409 0.00074369
1590892671.941889998 1.40298 0.000954438 0.00074369
1590892671.991762873 1.44498 0.000980468 0.00074369
1590892672.042103479 1.48698 0.0010065 0.00074369
1590892672.092135824 1.52898 0.00103253 0.00074369
1590892672.142417843 1.57098 0.00105855 0.00074369
1590892672.192354547 1.61298 0.00108458 0.00074369
1590892672.242297110 1.65498 0.00111061 0.00074369
1590892672.292369307 1.69698 0.00113664 0.00074369
1590892672.342489845 1.73898 0.00116267 0.00074369
1590892672.392545752 1.78098 0.0011887 0.00074369
1590892672.442621208 1.82298 0.00121473 0.00074369
1590892672.492738384 1.86498 0.00124076 0.00074369
1590892672.542842049 1.90698 0.00126679 0.00074369
1590892672.592868170 1.94898 0.00129282 0.00074369
1590892672.643004686 1.99098 0.00131885 0.00074369
1590892672.693263844 2.03298 0.00134488 0.00074369
1590892672.743462248 2.07498 0.0013709 0.00074369
1590892672.793523901 2.11698 0.00139693 0.00074369
1590892672.843480103 2.15898 0.00142296 0.00074369
1590892672.893776113 2.20098 0.00144899 0.00074369
1590892672.945891702 2.24298 0.00139238 -0.00397853
1590892672.995080727 2.28498 0.00116564 -0.00897853
1590892673.044867930 2.32698 0.000686124 -0.018423
1590892673.095091849 2.369 -0.000135943 -0.0285213
1590892673.145030299 2.41097 -0.00130897 -0.0385213
1590892673.195023286 2.45293 -0.00290458 -0.052688
1590892673.245133842 2.49485 -0.00500989 -0.067688
1590892673.295141077 2.53677 -0.00764267 -0.082786
1590892673.345064998 2.57859 -0.0108662 -0.101675
1590892673.395216046 2.62033 -0.0147667 -0.121675
1590892673.445079322 2.66195 -0.0193616 -0.141713
1590892673.495755808 2.70346 -0.0247137 -0.165324
1590892673.545876198 2.7448 -0.0309048 -0.190324
1590892673.596078446 2.78592 -0.0379535 -0.215374
1590892673.646247072 2.82682 -0.045917 -0.243707
1590892673.696261861 2.86742 -0.0548712 -0.273707
1590892673.746321027 2.90766 -0.0648321 -0.303769
1590892673.796546120 2.94755 -0.075801 -0.333769
1590892673.846602708 2.98702 -0.087762 -0.363769
1590892673.896888497 3.02602 -0.100698 -0.393832
1590892673.947018250 3.06456 -0.114612 -0.423832
1590892673.996863114 3.10258 -0.129483 -0.453832
1590892674.047072128 3.14003 -0.145291 -0.483898
1590892674.097253020 3.17691 -0.162037 -0.513898
1590892674.147235123 3.21317 -0.179698 -0.543898
1590892674.197294502 3.24877 -0.19825 -0.573966
1590892674.247261375 3.28369 -0.217693 -0.603966
1590892674.297250100 3.3179 -0.238 -0.633966
1590892674.347219228 3.35135 -0.259148 -0.664035
1590892674.397897802 3.38403 -0.281129 -0.694035
1590892674.448091890 3.41591 -0.303918 -0.724035
1590892674.497981015 3.44695 -0.327491 -0.754104
1590892674.547790528 3.47713 -0.351833 -0.784104
1590892674.597967727 3.50642 -0.376919 -0.814104
1590892674.648264032 3.53479 -0.402728 -0.844174
1590892674.698454005 3.56222 -0.429233 -0.874174
1590892674.748273034 3.58868 -0.456413 -0.904174
1590892674.798460863 3.61416 -0.484248 -0.934243
1590892674.848538644 3.63861 -0.512702 -0.964243
1590892674.898625938 3.66203 -0.541754 -0.994243
1590892674.948606197 3.68441 -0.571389 -1.02431
1590892674.998924028 3.70569 -0.601561 -1.05431
1590892675.049092113 3.72588 -0.632252 -1.08431
1590892675.099401200 3.74497 -0.663446 -1.11438
1590892675.149293783 3.76291 -0.695091 -1.14438
1590892675.199286528 3.77971 -0.72717 -1.17438
1590892675.249325505 3.79534 -0.759668 -1.20444
1590892675.299992802 3.8098 -0.79253 -1.23444
1590892675.349784312 3.82307 -0.825738 -1.26444
1590892675.399753080 3.83513 -0.859274 -1.2945
1590892675.449642086 3.84598 -0.893086 -1.3245
1590892675.499800940 3.85561 -0.927154 -1.3545
1590892675.550081657 3.86401 -0.961455 -1.38456
1590892675.599851085 3.87117 -0.995943 -1.41456
1590892675.650394066 3.87708 -1.03059 -1.44456
1590892675.700256984 3.88174 -1.06538 -1.47462
1590892675.750218425 3.88514 -1.10027 -1.50462
1590892675.800315551 3.88729 -1.13522 -1.53462
1590892675.850621008 3.88818 -1.17021 -1.56468
1590892675.900590876 3.88781 -1.20521 -1.59468
1590892675.950733228 3.88631 -1.24018 -1.61829
1590892676.000753283 3.88379 -1.27511 -1.64334
1590892676.050908722 3.88035 -1.31 -1.66228
1590892676.101117927 3.87609 -1.34482 -1.68228
1590892676.151765672 3.871 -1.37956 -1.70228
1590892676.201959285 3.8652 -1.41422 -1.71649
1590892676.252064813 3.85879 -1.44881 -1.73149
1590892676.302259725 3.85176 -1.48332 -1.74649
1590892676.352399010 3.84423 -1.51775 -1.75593
1590892676.402468403 3.83628 -1.55215 -1.76602
1590892676.452441040 3.82793 -1.58645 -1.77602
1590892676.502585565 3.81927 -1.62068 -1.78079
1590892676.552818678 3.81043 -1.65487 -1.78564
1590892676.602868974 3.80137 -1.68905 -1.79064
1590892676.653063455 3.79221 -1.72321 -1.79064
1590892676.703379848 3.78304 -1.75739 -1.79073
1590892676.753734083 3.77388 -1.79154 -1.79073
1590892676.803892844 3.76472 -1.8257 -1.79073
1590892676.854172244 3.75555 -1.85988 -1.79082
1590892676.904325536 3.74638 -1.89404 -1.79082
1590892676.954448695 3.73721 -1.92819 -1.79082
1590892677.004492304 3.72804 -1.96237 -1.79091
1590892677.054553723 3.71887 -1.99653 -1.79091
1590892677.104588928 3.7097 -2.03068 -1.79091
1590892677.154574407 3.70052 -2.06486 -1.79101
1590892677.204712236 3.69134 -2.09902 -1.79101
1590892677.254893693 3.68217 -2.13317 -1.79101
1590892677.304977060 3.67299 -2.16735 -1.7911
1590892677.354977737 3.66391 -2.20152 -1.78639
1590892677.405188328 3.65502 -2.23574 -1.78134
1590892677.455237173 3.64635 -2.26998 -1.77634
1590892677.505314535 3.63796 -2.30434 -1.76668
1590892677.555331421 3.62999 -2.33872 -1.75663
1590892677.605573819 3.62243 -2.37316 -1.74659
1590892677.655719644 3.61538 -2.40767 -1.73238
1590892677.705600712 3.60893 -2.44227 -1.71735
1590892677.755634814 3.60311 -2.47693 -1.70228
1590892677.805814173 3.598 -2.51168 -1.68331
1590892677.856010823 3.5937 -2.54649 -1.66323
1590892677.905960182 3.59025 -2.58137 -1.64315
1590892677.956230559 3.58771 -2.61632 -1.61949
1590892678.006196855 3.58619 -2.65131 -1.59445
1590892678.056721601 3.58572 -2.68632 -1.56941
1590892678.106544700 3.58637 -2.72133 -1.54104
1590892678.156513637 3.58825 -2.75629 -1.51096
1590892678.206550975 3.59139 -2.79118 -1.48088
1590892678.256408531 3.59586 -2.82598 -1.44775
1590892678.306668595 3.60174 -2.86063 -1.41268
1590892678.356872688 3.60908 -2.89508 -1.3776
1590892678.407111646 3.61786 -2.9293 -1.34253
1590892678.456939234 3.62808 -2.96323 -1.30747
1590892678.507020063 3.63972 -2.99685 -1.2724
1590892678.557120589 3.65276 -3.03011 -1.23733
1590892678.607045543 3.6672 -3.06297 -1.20227
1590892678.657264877 3.68301 -3.09538 -1.1672
1590892678.707329624 3.70017 -3.12731 -1.13214
1590892678.757377381 3.71867 -3.15872 -1.09707
1590892678.807336416 3.73847 -3.18957 -1.062
1590892678.857527018 3.75957 -3.21983 -1.02693
1590892678.907754032 3.78192 -3.24944 -0.991861
1590892678.957883058 3.8055 -3.27839 -0.956787
1590892679.008102619 3.83029 -3.30663 -0.92171
1590892679.058198682 3.85626 -3.33413 -0.88663
1590892679.108403853 3.88336 -3.36086 -0.851547
1590892679.158238825 3.91158 -3.38677 -0.816461
1590892679.208163983 3.94087 -3.41185 -0.781372
1590892679.258343619 3.97119 -3.43606 -0.746279
1590892679.308424329 4.00244 -3.45946 -0.717905
1590892679.358468146 4.03448 -3.48208 -0.687814
1590892679.408712211 4.06733 -3.50389 -0.657722
1590892679.458715476 4.10087 -3.52495 -0.634024
1590892679.508703495 4.13501 -3.54533 -0.608934
1590892679.558697856 4.16976 -3.56499 -0.583845
1590892679.608926655 4.20502 -3.584 -0.564874
1590892679.659041858 4.24072 -3.60244 -0.544789
1590892679.709205439 4.27686 -3.62028 -0.524705
1590892679.759211277 4.31336 -3.6376 -0.510467
1590892679.809163525 4.35017 -3.65447 -0.495427
1590892679.859244486 4.38722 -3.67097 -0.485916
1590892679.909420818 4.42447 -3.68716 -0.475876
1590892679.959848060 4.46191 -3.70305 -0.465835
1590892680.009951721 4.49954 -3.71861 -0.455795
1590892680.060174199 4.5373 -3.73395 -0.451005
1590892680.109860329 4.57514 -3.74912 -0.446001
1590892680.160059259 4.61309 -3.76414 -0.440967
1590892680.210153757 4.65108 -3.77909 -0.440986
1590892680.260127972 4.68904 -3.79402 -0.44093
1590892680.310260771 4.72704 -3.80896 -0.440871
1590892680.360346243 4.76502 -3.82389 -0.440871
1590892680.410410624 4.80299 -3.83892 -0.445686
1590892680.460602742 4.84084 -3.85408 -0.450686
1590892680.510628583 4.8786 -3.86941 -0.455686
1590892680.560596916 4.91621 -3.88495 -0.465193
1590892680.610653703 4.95362 -3.90079 -0.47506
1590892680.660965059 4.99088 -3.91696 -0.485058
1590892680.710942216 5.02789 -3.93349 -0.499231
1590892680.760969516 5.06461 -3.95048 -0.514271
1590892680.811060543 5.10103 -3.96793 -0.529271
1590892680.861144648 5.13706 -3.98587 -0.548196
1590892680.911375954 5.17268 -4.00441 -0.568196
1590892680.961595699 5.20786 -4.02354 -0.588196
1590892681.011567309 5.24256 -4.04325 -0.608241
1590892681.061762899 5.27673 -4.06358 -0.631896
1590892681.111892585 5.31031 -4.08461 -0.656896
1590892681.161920560 5.34324 -4.10632 -0.681896
1590892681.211958554 5.37551 -4.12872 -0.706953
1590892681.262188668 5.4071 -4.15178 -0.731953
1590892681.312236816 5.43799 -4.1755 -0.756953
1590892681.362237460 5.46816 -4.19985 -0.782011
1590892681.412376977 5.49758 -4.22482 -0.807011
1590892681.462598747 5.52625 -4.2504 -0.832011
1590892681.512750628 5.55415 -4.27657 -0.857068
1590892681.562669058 5.58124 -4.30331 -0.882068
1590892681.612632152 5.60753 -4.33061 -0.907068
1590892681.662679897 5.63299 -4.35845 -0.932125
1590892681.712936652 5.65761 -4.38681 -0.957125
1590892681.762962099 5.68136 -4.41568 -0.982125
1590892681.813156556 5.70425 -4.44503 -1.00718
1590892681.863344544 5.72624 -4.47485 -1.03218
1590892681.913274883 5.74733 -4.50512 -1.05718
1590892681.963506374 5.76751 -4.53582 -1.08224
1590892682.013712930 5.78676 -4.56693 -1.10724
1590892682.064098846 5.80507 -4.59843 -1.13224
1590892682.114000350 5.82243 -4.63031 -1.15729
1590892682.164087017 5.83883 -4.66254 -1.18229
1590892682.214423918 5.85425 -4.69509 -1.20729
1590892682.264458976 5.8687 -4.72797 -1.23234
1590892682.314308593 5.88215 -4.76113 -1.25734
1590892682.364381200 5.8946 -4.79455 -1.28234
1590892682.414530945 5.90604 -4.82824 -1.30739
1590892682.464453804 5.91647 -4.86214 -1.33239
1590892682.514550708 5.92588 -4.89625 -1.35739
1590892682.564910379 5.93426 -4.93056 -1.38244
1590892682.615115474 5.94161 -4.96502 -1.40744
1590892682.665191801 5.94792 -4.99962 -1.43244
1590892682.715340367 5.95319 -5.03435 -1.45749
1590892682.765603567 5.95742 -5.06917 -1.48249
1590892682.815685373 5.9606 -5.10407 -1.50749
1590892682.865354119 5.96273 -5.13902 -1.53254
1590892682.915549183 5.96381 -5.17401 -1.55754
1590892682.965522340 5.96384 -5.20901 -1.58254
1590892683.018071285 5.96282 -5.24399 -1.60759
1590892683.067823218 5.96075 -5.27895 -1.63259
1590892683.117508027 5.95764 -5.31385 -1.65759
1590892683.166970302 5.95347 -5.34867 -1.68264
1590892683.216732195 5.94826 -5.3834 -1.70764
1590892683.266684487 5.94182 -5.41928 -1.73125
1590892683.316686330 5.9341 -5.45624 -1.75488
1590892683.367415041 5.92503 -5.49432 -1.7785
1590892683.417148232 5.91455 -5.53346 -1.80211
1590892683.467516712 5.9026 -5.57362 -1.82576
1590892683.517793049 5.88911 -5.61476 -1.84937
1590892683.567629102 5.87402 -5.65685 -1.87298
1590892683.617710184 5.85726 -5.69984 -1.89659
1590892683.667785348 5.83881 -5.74365 -1.92024
1590892683.718110886 5.81857 -5.78829 -1.94375
1590892683.768126980 5.79649 -5.83373 -1.96736
1590892683.818413854 5.77265 -5.87957 -1.99223
1590892683.868117079 5.74742 -5.92494 -2.01723
1590892683.918283712 5.72084 -5.96976 -2.04222
1590892683.968494291 5.69292 -6.01402 -2.06722
1590892684.018989294 5.66369 -6.05769 -2.09222
1590892684.069041055 5.63316 -6.10073 -2.11722
1590892684.119166722 5.60136 -6.14308 -2.14238
1590892684.169512769 5.56825 -6.18482 -2.1675
1590892684.219233841 5.53392 -6.22582 -2.1925
1590892684.269173488 5.49835 -6.26611 -2.21756
1590892684.319444549 5.4616 -6.30564 -2.24256
1590892684.369603585 5.42373 -6.34431 -2.26786
1590892684.419554243 5.38465 -6.38223 -2.29292
1590892684.469984193 5.34443 -6.41934 -2.31792
1590892684.519843912 5.30311 -6.45559 -2.34292
1590892684.569830172 5.26082 -6.49088 -2.36798
1590892684.620002818 5.21738 -6.52537 -2.39298
1590892684.670525817 5.17292 -6.55894 -2.418
1590892684.720357886 5.12746 -6.59157 -2.443
1590892684.770583806 5.08104 -6.62324 -2.468
1590892684.820664748 5.03368 -6.65394 -2.493
1590892684.870262117 4.98539 -6.68367 -2.51789
1590892684.920660161 4.9362 -6.71238 -2.54312
1590892684.970734512 4.88612 -6.74007 -2.56845
1590892685.020898010 4.8353 -6.76666 -2.59345
1590892685.070812295 4.7837 -6.79218 -2.61845
1590892685.120965778 4.73136 -6.81661 -2.64345
1590892685.171249817 4.67828 -6.83996 -2.66851
1590892685.221105953 4.62464 -6.86214 -2.69362
1590892685.271192938 4.57015 -6.88325 -2.71888
1590892685.321127158 4.51528 -6.90314 -2.74384
1590892685.371680548 4.45968 -6.92193 -2.76884
1590892685.421625755 4.40353 -6.93955 -2.79384
1590892685.471847761 4.34687 -6.956 -2.81884
1590892685.521731031 4.28974 -6.97127 -2.84384
1590892685.571951538 4.23134 -6.98561 -2.86613
1590892685.622082285 4.17341 -6.99861 -2.89113
1590892685.672308669 4.1151 -7.01039 -2.91613
1590892685.722545211 4.05645 -7.02096 -2.94113
1590892685.772624454 3.99751 -7.03031 -2.96613
1590892685.822467447 3.93813 -7.03845 -2.99059
1590892685.872549572 3.87871 -7.04536 -3.01559
1590892685.922664087 3.81911 -7.05102 -3.04064
1590892685.973580412 3.75934 -7.05543 -3.06564
1590892686.024029851 3.69946 -7.0586 -3.09064
1590892686.073874373 3.63951 -7.06053 -3.11564
1590892686.124049488 3.57951 -7.0612 -3.14064
1590892686.174199242 3.51952 -7.06062 -3.16564
1590892686.224509711 3.45956 -7.0588 -3.19064
1590892686.274506737 3.39967 -7.05572 -3.21564
1590892686.324671977 3.33988 -7.0514 -3.24068
1590892686.374608611 3.28024 -7.04583 -3.26563
1590892686.424789075 3.22082 -7.03902 -3.29072
1590892686.475177486 3.16161 -7.03098 -3.31568
1590892686.525345754 3.10265 -7.0217 -3.34075
1590892686.575323081 3.04399 -7.0112 -3.36575
1590892686.625341832 2.98564 -6.99947 -3.39081
1590892686.675108947 2.92771 -6.98653 -3.41586
1590892686.725214756 2.87018 -6.9724 -3.44085
1590892686.775396584 2.81307 -6.95706 -3.46585
1590892686.825670996 2.75644 -6.94054 -3.49085
1590892686.875667129 2.70033 -6.92284 -3.51586
1590892686.925868117 2.64476 -6.90398 -3.54086
1590892686.975709842 2.58977 -6.88397 -3.56586
1590892687.025940080 2.53541 -6.86282 -3.59086
1590892687.076255073 2.48169 -6.84055 -3.61586
1590892687.126321750 2.42866 -6.81716 -3.64086
1590892687.176413719 2.37649 -6.79274 -3.66588
1590892687.226824471 2.32493 -6.76717 -3.69087
1590892687.276322941 2.27412 -6.74052 -3.71595
1590892687.326336904 2.22427 -6.71289 -3.74104
1590892687.376498296 2.1753 -6.68425 -3.76603
1590892687.426746804 2.12708 -6.65452 -3.79108
1590892687.476879593 2.07976 -6.62379 -3.81611
1590892687.527132752 2.03339 -6.59209 -3.84116
1590892687.576920566 1.98797 -6.55942 -3.86616
1590892687.626961576 1.94354 -6.52581 -3.89116
1590892687.677210653 1.9001 -6.49126 -3.9163
1590892687.727358742 1.85768 -6.45579 -3.94102
1590892687.777418847 1.8164 -6.41951 -3.96602
1590892687.827437515 1.7762 -6.38237 -3.9911
1590892687.877466444 1.73714 -6.34441 -4.0161
1590892687.927181010 1.69932 -6.30572 -4.04133
1590892687.977388786 1.66258 -6.26615 -4.06621
1590892688.027656765 1.62704 -6.22585 -4.09116
1590892688.078014793 1.59279 -6.1849 -4.1162
1590892688.128626105 1.56059 -6.14428 -4.14106
1590892688.178949137 1.53042 -6.10408 -4.16592
1590892688.228391784 1.50224 -6.06437 -4.19079
1590892688.278522263 1.476 -6.0252 -4.21565
1590892688.328576860 1.4516 -5.98655 -4.24064
1590892688.378890581 1.42906 -5.94857 -4.26559
1590892688.429001378 1.40834 -5.91134 -4.29046
1590892688.479401806 1.38934 -5.87486 -4.31532
1590892688.529217069 1.37199 -5.83915 -4.34027
1590892688.579219368 1.35627 -5.80432 -4.36513
1590892688.629314489 1.3421 -5.77038 -4.38999
1590892688.679291229 1.3294 -5.73733 -4.41494
1590892688.729660073 1.31814 -5.70529 -4.4398
1590892688.779731171 1.30823 -5.67426 -4.46466
1590892688.829780007 1.29959 -5.64424 -4.4896
1590892688.879903587 1.29218 -5.61533 -4.51446
1590892688.930434252 1.28592 -5.58753 -4.53932
1590892688.980225464 1.28074 -5.56084 -4.56424
1590892689.030672504 1.27656 -5.53534 -4.58911
1590892689.080884223 1.27331 -5.51103 -4.61397
1590892689.131612400 1.27092 -5.48791 -4.63889
1590892689.181638990 1.26931 -5.46603 -4.66375
1590892689.231525860 1.26842 -5.44541 -4.68861
1590892689.281078591 1.26815 -5.42603 -4.71352
1590892689.331274759 1.26845 -5.40795 -4.73838
1590892689.381321365 1.26922 -5.39116 -4.76329
1590892689.431381244 1.2704 -5.37565 -4.78815
1590892689.481546583 1.27191 -5.36145 -4.81302
1590892689.532262836 1.27367 -5.34854 -4.83788
1590892689.582237056 1.27561 -5.33688 -4.86299
1590892689.631948920 1.27765 -5.32655 -4.88797
1590892689.681931030 1.2797 -5.31756 -4.91271
1590892689.732465414 1.2817 -5.30985 -4.93754
1590892689.783985765 1.28358 -5.30338 -4.96225
1590892689.833722105 1.28368 -5.30308 -4.963
1590892689.883323164 1.28368 -5.30308 -4.963
1590892689.933537168 1.28368 -5.30308 -4.963
1590892689.983583110 1.28368 -5.30308 -4.963
1590892690.033594498 1.28368 -5.30308 -4.963
1590892690.083652788 1.28368 -5.30308 -4.963
1590892690.133650695 1.28368 -5.30308 -4.963
1590892690.183577440 1.28368 -5.30308 -4.963
1590892690.233576392 1.28368 -5.30308 -4.963
1590892690.283790525 1.28368 -5.30308 -4.963
1590892690.333880346 1.28368 -5.30308 -4.963
1590892690.384186153 1.28368 -5.30308 -4.963
1590892690.434191882 1.28368 -5.30308 -4.963
1590892690.484299948 1.28368 -5.30308 -4.963
1590892690.534274444 1.28368 -5.30308 -4.963
1590892690.584197911 1.28368 -5.30308 -4.963
1590892690.634442312 1.28368 -5.30308 -4.963
1590892690.684585907 1.28368 -5.30308 -4.963
1590892690.734601983 1.28368 -5.30308 -4.963
1590892690.784575359 1.28368 -5.30308 -4.963
1590892690.834333841 1.28368 -5.30308 -4.963
1590892690.884771688 1.28368 -5.30308 -4.963
1590892690.935255164 1.28368 -5.30308 -4.963
1590892690.985481494 1.28368 -5.30308 -4.963
1590892691.035620721 1.28368 -5.30308 -4.963
1590892691.085300633 1.28368 -5.30308 -4.963
1590892691.135459738 1.28368 -5.30308 -4.963
1590892691.185947446 1.28368 -5.30308 -4.963
1590892691.235920844 1.28368 -5.30308 -4.963
1590892691.286492045 1.28368 -5.30308 -4.963
1590892691.336507776 1.28368 -5.30308 -4.963
1590892691.386291855 1.28368 -5.30308 -4.963
1590892691.436178769 1.28368 -5.30308 -4.963
1590892691.486377579 1.28368 -5.30308 -4.963
1590892691.536540650 1.28368 -5.30308 -4.963
1590892691.586434613 1.28368 -5.30308 -4.963
1590892691.636501212 1.28368 -5.30308 -4.963
1590892691.686806577 1.28368 -5.30308 -4.963
1590892691.736977127 1.28368 -5.30308 -4.963
1590892691.786897411 1.28368 -5.30308 -4.963
1590892691.837186667 1.28368 -5.30308 -4.963
1590892691.887592443 1.28368 -5.30308 -4.963
1590892691.938024638 1.28368 -5.30308 -4.963
1590892691.987791755 1.28368 -5.30308 -4.963
1590892692.038352447 1.28368 -5.30308 -4.963
1590892692.088607264 1.28368 -5.30308 -4.963
1590892692.138474472 1.28368 -5.30308 -4.963
1590892692.188426213 1.28368 -5.30308 -4.963
1590892692.238833966 1.28368 -5.30308 -4.963
1590892692.288950194 1.28368 -5.30308 -4.963
1590892692.339227554 1.28368 -5.30308 -4.963
1590892692.389323497 1.28368 -5.30308 -4.963
1590892692.439593253 1.28368 -5.30308 -4.963
1590892692.489165616 1.28368 -5.30308 -4.963
1590892692.539189926 1.28368 -5.30308 -4.963
1590892692.589252845 1.28368 -5.30308 -4.963
1590892692.639512166 1.28368 -5.30308 -4.963
1590892692.689851500 1.28368 -5.30308 -4.963
1590892692.739750340 1.28368 -5.30308 -4.963
1590892692.789932939 1.28368 -5.30308 -4.963
1590892692.839987488 1.28368 -5.30308 -4.963
1590892692.890702105 1.28368 -5.30308 -4.963
1590892692.941094416 1.28368 -5.30308 -4.963
1590892692.990631311 1.28368 -5.30308 -4.963
1590892693.040657911 1.28368 -5.30308 -4.963
1590892693.091536179 1.28368 -5.30308 -4.963
1590892693.141318105 1.28368 -5.30308 -4.963
1590892693.191791528 1.28368 -5.30308 -4.963
1590892693.241717906 1.28368 -5.30308 -4.963
1590892693.291996031 1.28368 -5.30308 -4.963
1590892693.342003064 1.28368 -5.30308 -4.963
1590892693.391713909 1.28368 -5.30308 -4.963
1590892693.441848021 1.28368 -5.30308 -4.963
1590892693.491700099 1.28368 -5.30308 -4.963
1590892693.541905058 1.28368 -5.30308 -4.963
1590892693.592908834 1.28368 -5.30308 -4.963
1590892693.644489501 1.28368 -5.30308 -4.963
1590892693.694254023 1.28368 -5.30308 -4.963
1590892693.744293073 1.28368 -5.30308 -4.963
1590892693.794385698 1.28368 -5.30308 -4.963
1590892693.844225161 1.28368 -5.30308 -4.963
1590892693.894280741 1.28368 -5.30308 -4.963
1590892693.945838480 1.28368 -5.30308 -4.963
1590892693.995376260 1.28368 -5.30308 -4.963
1590892694.045080313 1.28368 -5.30308 -4.963
1590892694.095263523 1.28368 -5.30308 -4.963
1590892694.145182857 1.28368 -5.30308 -4.963
1590892694.195690897 1.28368 -5.30308 -4.963
1590892694.245454896 1.28368 -5.30308 -4.963
1590892694.295653971 1.28368 -5.30308 -4.963
1590892694.345895133 1.28368 -5.30308 -4.963
1590892694.396698602 1.28368 -5.30308 -4.963
1590892694.446605772 1.28368 -5.30308 -4.963
1590892694.497228898 1.28368 -5.30308 -4.963
1590892694.547428080 1.28368 -5.30308 -4.963
1590892694.597290593 1.28368 -5.30308 -4.963
1590892694.647451522 1.28368 -5.30308 -4.963
1590892694.697237521 1.28368 -5.30308 -4.963
1590892694.747386896 1.28368 -5.30308 -4.963
1590892694.797542559 1.28368 -5.30308 -4.963
1590892694.847639900 1.28368 -5.30308 -4.963
1590892694.897750196 1.28368 -5.30308 -4.963
1590892694.948040680 1.28368 -5.30308 -4.963
1590892694.998093920 1.28368 -5.30308 -4.963
1590892695.048044988 1.28368 -5.30308 -4.963
1590892695.098200873 1.28368 -5.30308 -4.963
1590892695.148304255 1.28368 -5.30308 -4.963
1590892695.198370347 1.28368 -5.30308 -4.963
1590892695.248764645 1.28368 -5.30308 -4.963
1590892695.299219585 1.28368 -5.30308 -4.963
1590892695.349194135 1.28368 -5.30308 -4.963
1590892695.401603549 1.28368 -5.30308 -4.963
1590892695.451191247 1.28368 -5.30308 -4.963
1590892695.500979511 1.28368 -5.30308 -4.963
1590892695.551331794 1.28368 -5.30308 -4.963
1590892695.601097180 1.28368 -5.30308 -4.963
1590892695.650942162 1.28368 -5.30308 -4.963
1590892695.701404012 1.28368 -5.30308 -4.963
1590892695.751988933 1.28368 -5.30308 -4.963
1590892695.802227938 1.28368 -5.30308 -4.963
1590892695.851926984 1.28368 -5.30308 -4.963
1590892695.901723002 1.28368 -5.30308 -4.963
1590892695.952063154 1.28368 -5.30308 -4.963
1590892696.001864504 1.28368 -5.30308 -4.963
1590892696.051848061 1.28368 -5.30308 -4.963
1590892696.101901396 1.28368 -5.30308 -4.963
1590892696.152190032 1.28368 -5.30308 -4.963
1590892696.202533424 1.28368 -5.30308 -4.963
1590892696.252697528 1.28368 -5.30308 -4.963
1590892696.302981468 1.28368 -5.30308 -4.963
1590892696.352994825 1.28368 -5.30308 -4.963
1590892696.403294643 1.28368 -5.30308 -4.963
1590892696.455081712 1.28368 -5.30308 -4.963
1590892696.505048520 1.28368 -5.30308 -4.963
1590892696.555149456 1.28368 -5.30308 -4.963
1590892696.605026062 1.28368 -5.30308 -4.963
1590892696.655122805 1.28368 -5.30308 -4.963
1590892696.705391719 1.28368 -5.30308 -4.963
1590892696.755830491 1.28368 -5.30308 -4.963
1590892696.806271305 1.28368 -5.30308 -4.963
1590892696.856551549 1.28368 -5.30308 -4.963
1590892696.906471876 1.28368 -5.30308 -4.963
1590892696.956482940 1.28368 -5.30308 -4.963
1590892697.006204034 1.28368 -5.30308 -4.963
1590892697.056500959 1.28368 -5.30308 -4.963
1590892697.106590215 1.28368 -5.30308 -4.963
1590892697.156800640 1.28368 -5.30308 -4.963
1590892697.206942377 1.28368 -5.30308 -4.963
1590892697.256960521 1.28368 -5.30308 -4.963
1590892697.307102884 1.28368 -5.30308 -4.963
1590892697.357933098 1.28368 -5.30308 -4.963
1590892697.407930612 1.28368 -5.30308 -4.963
1590892697.457963709 1.28368 -5.30308 -4.963
1590892697.508154595 1.28368 -5.30308 -4.963
1590892697.558502287 1.28368 -5.30308 -4.963
1590892697.608586324 1.28368 -5.30308 -4.963
1590892697.658771250 1.28368 -5.30308 -4.963
1590892697.708931805 1.28368 -5.30308 -4.963
1590892697.759169775 1.28368 -5.30308 -4.963
1590892697.809010819 1.28368 -5.30308 -4.963
1590892697.859047065 1.28368 -5.30308 -4.963
1590892697.909346122 1.28368 -5.30308 -4.963
1590892697.959619980 1.28368 -5.30308 -4.963
1590892698.009683261 1.28368 -5.30308 -4.963
1590892698.059815010 1.28368 -5.30308 -4.963
1590892698.109737908 1.28368 -5.30308 -4.963
1590892698.159834558 1.28368 -5.30308 -4.963
1590892698.209878492 1.28368 -5.30308 -4.963
1590892698.259893852 1.28368 -5.30308 -4.963
1590892698.310161608 1.28368 -5.30308 -4.963
1590892698.360344079 1.28368 -5.30308 -4.963
1590892698.410879403 1.28368 -5.30308 -4.963
1590892698.462151700 1.28368 -5.30308 -4.963
1590892698.511969680 1.28368 -5.30308 -4.963
1590892698.561432773 1.28368 -5.30308 -4.963
1590892698.611164082 1.28368 -5.30308 -4.963
1590892698.661063097 1.28368 -5.30308 -4.963
1590892698.711049511 1.28368 -5.30308 -4.963
1590892698.761190717 1.28368 -5.30308 -4.963
1590892698.811764026 1.28368 -5.30308 -4.963
1590892698.861992687 1.28368 -5.30308 -4.963
1590892698.912597623 1.28368 -5.30308 -4.963
1590892698.962880853 1.28368 -5.30308 -4.963
1590892699.012990275 1.28368 -5.30308 -4.963
1590892699.062965733 1.28368 -5.30308 -4.963
1590892699.114385273 1.28368 -5.30308 -4.963
1590892699.164601240 1.28368 -5.30308 -4.963
1590892699.214711888 1.28368 -5.30308 -4.963
1590892699.266162803 1.28368 -5.30308 -4.963
1590892699.315547521 1.28368 -5.30308 -4.963
1590892699.365804282 1.28368 -5.30308 -4.963
1590892699.415273067 1.28368 -5.30308 -4.963
1590892699.465258270 1.28368 -5.30308 -4.963
1590892699.515553659 1.28368 -5.30308 -4.963
1590892699.566160748 1.28368 -5.30308 -4.963
1590892699.615964599 1.28368 -5.30308 -4.963
1590892699.666571519 1.28368 -5.30308 -4.963
1590892699.716949639 1.28368 -5.30308 -4.963
1590892699.766990408 1.28368 -5.30308 -4.963
1590892699.817116794 1.28368 -5.30308 -4.963
1590892699.867307544 1.28368 -5.30308 -4.963
1590892699.917923118 1.28368 -5.30308 -4.963
1590892699.967815801 1.28368 -5.30308 -4.963
1590892700.017653336 1.28368 -5.30308 -4.963
1590892700.067838228 1.28368 -5.30308 -4.963
1590892700.117811125 1.28368 -5.30308 -4.963
1590892700.168058484 1.28368 -5.30308 -4.963
1590892700.218089023 1.28368 -5.30308 -4.963
1590892700.268427849 1.28368 -5.30308 -4.963
1590892700.318355716 1.28368 -5.30308 -4.963
1590892700.370242700 1.28368 -5.30308 -4.963
1590892700.420109501 1.28368 -5.30308 -4.963
1590892700.470248202 1.28368 -5.30308 -4.963
1590892700.520105774 1.28368 -5.30308 -4.963
1590892700.570097130 1.28368 -5.30308 -4.963
1590892700.620207672 1.28368 -5.30308 -4.963
1590892700.670347511 1.28368 -5.30308 -4.963
1590892700.720300706 1.28368 -5.30308 -4.963
1590892700.770540949 1.28368 -5.30308 -4.963
1590892700.820842512 1.28368 -5.30308 -4.963
1590892700.870901298 1.28368 -5.30308 -4.963
1590892700.921384585 1.28368 -5.30308 -4.963
1590892700.972539084 1.28368 -5.30308 -4.963
1590892701.023019588 1.28368 -5.30308 -4.963
1590892701.073026229 1.28368 -5.30308 -4.963
1590892701.122936881 1.28368 -5.30308 -4.963
1590892701.173490723 1.28368 -5.30308 -4.963
1590892701.223275265 1.28368 -5.30308 -4.963
1590892701.273582080 1.28368 -5.30308 -4.963
1590892701.323780230 1.28368 -5.30308 -4.963
1590892701.374352034 1.28368 -5.30308 -4.963
1590892701.424538986 1.28368 -5.30308 -4.963
1590892701.474842557 1.28368 -5.30308 -4.963
1590892701.524753970 1.28368 -5.30308 -4.963
1590892701.574722361 1.28368 -5.30308 -4.963
1590892701.624628645 1.28368 -5.30308 -4.963
1590892701.674629110 1.28368 -5.30308 -4.963
1590892701.724922411 1.28368 -5.30308 -4.963
1590892701.775006895 1.28368 -5.30308 -4.963
1590892701.825228805 1.28368 -5.30308 -4.963
1590892701.875251157 1.28368 -5.30308 -4.963
1590892701.925291685 1.28368 -5.30308 -4.963
1590892701.975918656 1.28368 -5.30308 -4.963
1590892702.025541772 1.28368 -5.30308 -4.963
1590892702.075885312 1.28368 -5.30308 -4.963
1590892702.125864851 1.28368 -5.30308 -4.963
1590892702.175931751 1.28368 -5.30308 -4.963
1590892702.226440902 1.28368 -5.30308 -4.963
1590892702.276701259 1.28368 -5.30308 -4.963
1590892702.326584414 1.28368 -5.30308 -4.963
1590892702.377288431 1.28368 -5.30308 -4.963
1590892702.428067298 1.28368 -5.30308 -4.963
1590892702.477995026 1.28368 -5.30308 -4.963
1590892702.527924101 1.28368 -5.30308 -4.963
1590892702.577802401 1.28368 -5.30308 -4.963
1590892702.628209228 1.28368 -5.30308 -4.963
1590892702.678634108 1.28368 -5.30308 -4.963
1590892702.728881367 1.28368 -5.30308 -4.963
1590892702.779313846 1.28368 -5.30308 -4.963
1590892702.829351188 1.28368 -5.30308 -4.963
1590892702.879133202 1.28368 -5.30308 -4.963
1590892702.929429393 1.28368 -5.30308 -4.963
1590892702.980305833 1.28368 -5.30308 -4.963
1590892703.030600923 1.28368 -5.30308 -4.963
1590892703.080781194 1.28368 -5.30308 -4.963
1590892703.131026285 1.28368 -5.30308 -4.963
1590892703.181166954 1.28368 -5.30308 -4.963
1590892703.231708493 1.28368 -5.30308 -4.963
1590892703.282436342 1.28368 -5.30308 -4.963
1590892703.332700716 1.28368 -5.30308 -4.963
1590892703.383325125 1.28368 -5.30308 -4.963
1590892703.435392960 1.28368 -5.30308 -4.963
1590892703.484967800 1.28368 -5.30308 -4.963
1590892703.534325704 1.28368 -5.30308 -4.963
1590892703.584509745 1.28368 -5.30308 -4.963
1590892703.634745803 1.28368 -5.30308 -4.963
1590892703.684692647 1.28368 -5.30308 -4.963
1590892703.734800349 1.28368 -5.30308 -4.963
1590892703.784931549 1.28368 -5.30308 -4.963
1590892703.835094277 1.28368 -5.30308 -4.963
1590892703.884935642 1.28368 -5.30308 -4.963
1590892703.934885900 1.28368 -5.30308 -4.963
1590892703.985204056 1.28368 -5.30308 -4.963
1590892704.035274044 1.28368 -5.30308 -4.963
1590892704.085335857 1.28368 -5.30308 -4.963
1590892704.135492174 1.28368 -5.30308 -4.963
1590892704.185596041 1.28368 -5.30308 -4.963
1590892704.235800688 1.28368 -5.30308 -4.963
1590892704.285957493 1.28368 -5.30308 -4.963
1590892704.336295766 1.28368 -5.30308 -4.963
1590892704.386605606 1.28368 -5.30308 -4.963
1590892704.436600423 1.28368 -5.30308 -4.963
1590892704.486753174 1.28368 -5.30308 -4.963
1590892704.536942620 1.28368 -5.30308 -4.963
1590892704.589545778 1.28368 -5.30308 -4.963
1590892704.638675379 1.28368 -5.30308 -4.963
1590892704.688261037 1.28368 -5.30308 -4.963
1590892704.738007972 1.28368 -5.30308 -4.963
1590892704.788068511 1.28368 -5.30308 -4.963
1590892704.837988441 1.28368 -5.30308 -4.963
1590892704.887897357 1.28368 -5.30308 -4.963
1590892704.938110393 1.28368 -5.30308 -4.963
1590892704.988226602 1.28368 -5.30308 -4.963
1590892705.038678419 1.28368 -5.30308 -4.963
1590892705.088719326 1.28368 -5.30308 -4.963
1590892705.139112913 1.28368 -5.30308 -4.963
1590892705.189600293 1.28368 -5.30308 -4.963
1590892705.239362774 1.28368 -5.30308 -4.963
1590892705.289865064 1.28368 -5.30308 -4.963
1590892705.341249340 1.28368 -5.30308 -4.963
1590892705.391560598 1.28368 -5.30308 -4.963
1590892705.445333907 1.28368 -5.30308 -4.963
1590892705.494006495 1.28368 -5.30308 -4.963
1590892705.544293528 1.28368 -5.30308 -4.963
1590892705.595068651 1.28368 -5.30308 -4.963
1590892705.644932243 1.28368 -5.30308 -4.963
1590892705.695781421 1.28368 -5.30308 -4.963
1590892705.745271877 1.28368 -5.30308 -4.963
1590892705.795524432 1.28368 -5.30308 -4.963
1590892705.845713589 1.28368 -5.30308 -4.963
1590892705.896576957 1.28368 -5.30308 -4.963
1590892705.947262460 1.28368 -5.30308 -4.963
1590892706.003763582 1.28368 -5.30308 -4.963
1590892706.053852587 1.28368 -5.30308 -4.963
1590892706.103660854 1.28368 -5.30308 -4.963
1590892706.154082731 1.28368 -5.30308 -4.963
1590892706.204374235 1.28368 -5.30308 -4.963
1590892706.254723183 1.28368 -5.30308 -4.963
1590892706.305134025 1.28368 -5.30308 -4.963
1590892706.355122636 1.28368 -5.30308 -4.963
1590892706.405636694 1.28368 -5.30308 -4.963
1590892706.455424746 1.28368 -5.30308 -4.963
1590892706.505393357 1.28368 -5.30308 -4.963
1590892706.555689935 1.28368 -5.30308 -4.963
1590892706.606573912 1.28368 -5.30308 -4.963
1590892706.656645261 1.28368 -5.30308 -4.963
1590892706.706227048 1.28368 -5.30308 -4.963
