1590243335.899269284 4.90911e-05 5.11165e-05 0.00101162 0.000582077
1590243335.950866338 0.000116208 9.91096e-05 0.000815583 0.000705774
1590243336.001019827 0.000184227 0.000147317 -0.00343072 0.00108966
1590243336.054878211 0.000252541 0.000195683 0.00144603 0.000931144
1590243336.104978025 0.000320227 0.000243965 0.00100968 0.000588488
1590243336.154980651 0.00038733 0.00029201 0.000815589 0.00070575
1590243336.205221379 0.00045535 0.000340216 -0.00343072 0.00108967
1590243336.255274056 0.000523665 0.000388581 0.00144603 0.000931145
1590243336.305147263 0.000591351 0.000436861 0.00100968 0.000588487
1590243336.355291018 0.000658456 0.000484904 0.000815588 0.000705746
1590243336.406022469 0.000726477 0.000533109 -0.00343072 0.00108967
1590243336.456270707 0.000794793 0.000581472 0.00144603 0.000931146
1590243336.506062225 0.00086248 0.000629751 0.00100968 0.000588486
1590243336.555951773 0.000929585 0.000677793 0.000815587 0.000705742
1590243336.606066370 0.000997607 0.000725997 -0.00343072 0.00108967
1590243336.656229419 0.00106592 0.000774359 0.00144603 0.000931146
1590243336.706615504 0.00113361 0.000822636 0.00100968 0.000588485
1590243336.756505411 0.00120072 0.000870677 0.000815586 0.000705738
1590243336.806592113 0.00126874 0.00091888 -0.00343072 0.00108968
1590243336.856683838 0.00133706 0.00096724 0.00144603 0.000931147
1590243336.907114355 0.00140475 0.00101552 0.00100968 0.000588484
1590243336.957372735 0.00147186 0.00106356 0.000815585 0.000705734
1590243337.007422900 0.00153988 0.00111176 -0.00343072 0.00108968
1590243337.057564997 0.0016082 0.00116012 0.00144603 0.000931148
1590243337.107650012 0.00167589 0.00120839 0.00100968 0.000588483
1590243337.159636295 0.001743 0.00125643 0.000815584 0.00070573
1590243337.209500998 0.00181102 0.00130463 -0.00343072 0.00108968
1590243337.259457990 0.00187934 0.00135299 0.00144603 0.000931149
1590243337.309658553 0.00194703 0.00140126 0.00100968 0.000588482
1590243337.359595825 0.00201414 0.0014493 0.000815583 0.000705726
1590243337.409417915 0.00208217 0.0014975 -0.00343072 0.00108969
1590243337.459473480 0.00215049 0.00154585 0.00144603 0.000931149
1590243337.509352049 0.00221818 0.00159412 0.00100968 0.000588481
1590243337.559291760 0.00228529 0.00164216 0.000815582 0.000705722
1590243337.609599024 0.00235332 0.00169036 -0.00343072 0.00108969
1590243337.659845078 0.00242164 0.00173871 0.00144603 0.00093115
1590243337.709989098 0.00248933 0.00178698 0.00100968 0.00058848
1590243337.760437074 0.00255644 0.00183502 0.000815581 0.000705718
1590243337.810349803 0.00262447 0.00188321 -0.00343072 0.00108969
1590243337.860386990 0.00269279 0.00193157 0.00144603 0.000931151
1590243337.910342941 0.00276049 0.00197984 0.00100968 0.000588479
1590243337.960347488 0.0028276 0.00202787 0.00081558 0.000705714
1590243338.010618808 0.00289563 0.00207606 -0.00343072 0.0010897
1590243338.061350396 0.00296395 0.00212442 0.00144603 0.000931151
1590243338.111364837 0.00303165 0.00217269 0.00100968 0.000588478
1590243338.161409264 0.00309876 0.00222072 0.000815579 0.00070571
1590243338.211417194 0.00316679 0.00226891 -0.00343072 0.0010897
1590243338.261584441 0.00323511 0.00231726 0.00144603 0.000931152
1590243338.311865420 0.00330281 0.00236553 0.00100968 0.000588477
1590243338.362044248 0.00336992 0.00241356 0.000815579 0.000705706
1590243338.412961068 0.00343795 0.00246175 -0.00343072 0.0010897
1590243338.462678658 0.00350628 0.0025101 0.00144603 0.000931153
1590243338.512666946 0.00357397 0.00255837 0.00100968 0.000588476
1590243338.562620396 0.00364109 0.0026064 0.000815578 0.000705702
1590243338.612677684 0.00370912 0.00265459 -0.00343072 0.00108971
1590243338.662366267 0.00377745 0.00270293 0.00144602 0.000931154
1590243338.712352491 0.00384514 0.0027512 0.00100968 0.000588475
1590243338.762502631 0.00391226 0.00279923 0.000815577 0.000705698
1590243338.812592857 0.00398029 0.00284742 -0.00343072 0.00108971
1590243338.862809566 0.00404862 0.00289576 0.00144602 0.000931154
1590243338.913078499 0.00411632 0.00294403 0.00100968 0.000588474
1590243338.963300866 0.00418344 0.00299205 0.000815576 0.000705694
1590243339.013236986 0.00425147 0.00304024 -0.00343072 0.00108971
1590243339.063351949 0.0043198 0.00308859 0.00144602 0.000931155
1590243339.113388499 0.0043875 0.00313685 0.00100968 0.000588473
1590243339.163366429 0.00445461 0.00318487 0.000815575 0.00070569
1590243339.213501266 0.00452265 0.00323306 -0.00343072 0.00108972
1590243339.263597667 0.00459098 0.0032814 0.00144602 0.000931156
1590243339.313642694 0.00465868 0.00332966 0.00100968 0.000588472
1590243339.363801753 0.0047258 0.00337769 0.000815574 0.000705686
1590243339.413893712 0.00479383 0.00342587 -0.00343071 0.00108972
1590243339.464079110 0.00486216 0.00347422 0.00144602 0.000931156
1590243339.514112434 0.00492986 0.00352248 0.00100968 0.000588471
1590243339.564283068 0.00499698 0.0035705 0.000815573 0.000705682
1590243339.614555660 0.00506502 0.00361868 -0.00343071 0.00108972
1590243339.664513857 0.00513335 0.00366702 0.00144602 0.000931157
1590243339.714618999 0.00520105 0.00371528 0.00100968 0.00058847
1590243339.765697961 0.00526817 0.0037633 0.000815572 0.000705678
1590243339.815452511 0.00533621 0.00381148 -0.00343071 0.00108973
1590243339.865462375 0.00540454 0.00385983 0.00144602 0.000931158
1590243339.915424302 0.00547225 0.00390808 0.00100968 0.000588469
1590243339.965231944 0.00553937 0.0039561 0.000815571 0.000705674
1590243340.015261854 0.00560741 0.00400428 -0.00343071 0.00108973
1590243340.065306408 0.00567574 0.00405262 0.00144602 0.000931158
1590243340.115687801 0.00574344 0.00410088 0.00100968 0.000588468
1590243340.165707362 0.00581057 0.0041489 0.00081557 0.00070567
1590243340.215798051 0.0058786 0.00419708 -0.00343071 0.00108973
1590243340.265853178 0.00594694 0.00424541 0.00144602 0.000931159
1590243340.316230753 0.00601464 0.00429367 0.00100968 0.000588467
1590243340.366278111 0.00608177 0.00434168 0.000815569 0.000705667
1590243340.416262242 0.00614981 0.00438986 -0.00343071 0.00108973
1590243340.466103001 0.00621814 0.0044382 0.00144602 0.00093116
1590243340.516553683 0.00628585 0.00448645 0.00100968 0.000588466
1590243340.566750916 0.00635297 0.00453447 0.000815569 0.000705663
1590243340.616767119 0.00642101 0.00458265 -0.00343071 0.00108974
1590243340.666803407 0.00648935 0.00463098 0.00144602 0.000931161
1590243340.716761148 0.00655706 0.00467923 0.00100968 0.000588465
1590243340.766564696 0.00662418 0.00472725 0.000815568 0.000705659
1590243340.817135976 0.00669222 0.00477542 -0.00343071 0.00108974
1590243340.867639786 0.00676056 0.00482376 0.00144602 0.000931161
1590243340.917783762 0.00682827 0.00487201 0.00100968 0.000588464
1590243340.967886347 0.00689539 0.00492002 0.000815567 0.000705655
1590243341.017945696 0.00696344 0.00496819 -0.00343071 0.00108974
1590243341.068268041 0.00703178 0.00501653 0.00144602 0.000931162
1590243341.118982485 0.00709948 0.00506477 0.00100968 0.000588463
1590243341.169627434 0.00716661 0.00511279 0.000815566 0.000705651
1590243341.219621825 0.00723465 0.00516096 -0.00343071 0.00108975
1590243341.269811596 0.00730299 0.00520929 0.00144602 0.000931163
1590243341.319877242 0.0073707 0.00525754 0.00100968 0.000588462
1590243341.369837356 0.00743783 0.00530555 0.000815565 0.000705647
1590243341.419967180 0.00750588 0.00535372 -0.00343071 0.00108975
1590243341.470083885 0.00757422 0.00540205 0.00144602 0.000931163
1590243341.520418140 0.00764193 0.0054503 0.00100968 0.000588461
1590243341.570306338 0.00770906 0.00549831 0.000815564 0.000705643
1590243341.620387561 0.0077771 0.00554648 -0.00343071 0.00108975
1590243341.670353839 0.00885909 0.00559182 0.026459 0.000704043
1590243341.720339709 0.011203 0.0056357 0.0525125 0.000943354
1590243341.770461458 0.0148323 0.00567994 0.07317 0.0011051
1590243341.820496794 0.0197411 0.00572628 0.102959 0.000704399
1590243341.870743242 0.02591 0.00577226 0.129012 0.000943917
1590243341.920917277 0.0333643 0.00581996 0.14967 0.0011056
1590243341.971095444 0.0420981 0.00587112 0.179459 0.000705061
1590243342.021122862 0.0520919 0.00592323 0.205512 0.000944433
1590243342.072255134 0.0633712 0.00597844 0.22617 0.00110603
1590243342.122389880 0.07593 0.00603845 0.255959 0.000705678
1590243342.172579568 0.0897488 0.00610071 0.282012 0.000944846
1590243342.222614817 0.104853 0.00616745 0.30267 0.00110632
1590243342.272712445 0.121237 0.00624034 0.332459 0.000706214
1590243342.322800683 0.138881 0.00631679 0.358512 0.000945083
1590243342.372876951 0.15781 0.00639909 0.37917 0.00110641
1590243342.422886585 0.178018 0.00648888 0.408959 0.000706629
1590243342.473030947 0.199487 0.00658355 0.435012 0.000945086
1590243342.523123956 0.222241 0.00668543 0.45567 0.00110624
1590243342.573214307 0.246275 0.00679615 0.48546 0.000706908
1590243342.623399266 0.271568 0.00691305 0.511512 0.000944853
1590243342.673408222 0.298148 0.00703854 0.53217 0.00110585
1590243342.723348033 0.326006 0.00717422 0.56196 0.000707086
1590243342.773386581 0.355125 0.0073174 0.588012 0.000944499
1590243342.823416454 0.385 0.00751354 0.598835 -0.00207086
1590243342.873472878 0.414976 0.00777077 0.599683 0.0089726
1590243342.923739580 0.444957 0.00801309 0.599668 0.00225054
1590243342.973813620 0.475932 0.00820951 0.632145 0.00108558
1590243343.024176841 0.508247 0.00837552 0.651886 0.00140984
1590243343.074249886 0.541853 0.00855197 0.67761 0.00115445
1590243343.124288060 0.576697 0.00874172 0.701675 0.00140797
1590243343.174674911 0.611765 0.0089359 0.701218 0.00104093
1590243343.224957169 0.646837 0.0091299 0.707318 0.00107228
1590243343.275149647 0.681899 0.0093239 0.701799 0.00113501
1590243343.325444757 0.716967 0.00951811 0.701606 0.00139519
1590243343.375509533 0.752034 0.00971147 0.701218 0.00104254
1590243343.425584349 0.787106 0.00990486 0.707318 0.00107441
1590243343.475560635 0.822168 0.0100982 0.701799 0.00113684
1590243343.525758759 0.857236 0.0102918 0.701606 0.00139681
1590243343.575745262 0.892303 0.0104846 0.701218 0.00104449
1590243343.625934809 0.927375 0.0106774 0.707318 0.00107675
1590243343.676186707 0.962437 0.0108702 0.701799 0.00113853
1590243343.726325121 0.997505 0.0110631 0.701606 0.00139806
1590243343.776431299 1.03257 0.0112553 0.701218 0.00104568
1590243343.826443367 1.06764 0.0114474 0.707318 0.0010778
1590243343.876449654 1.10271 0.0116395 0.701799 0.00113899
1590243343.926700479 1.13777 0.0118318 0.701606 0.00139813
1590243343.976900808 1.17284 0.0120233 0.701218 0.00104536
1590243344.027281506 1.20791 0.0122147 0.707318 0.00107688
1590243344.077044805 1.24298 0.012406 0.701799 0.00113794
1590243344.127142234 1.27804 0.0125976 0.701606 0.00139697
1590243344.177391392 1.31311 0.0127883 0.701218 0.00104372
1590243344.227847927 1.34818 0.0129789 0.707318 0.00107458
1590243344.277748638 1.38324 0.0131695 0.701799 0.00113605
1590243344.327696734 1.41831 0.0133603 0.701606 0.00139533
1590243344.377716574 1.45338 0.0135502 0.701218 0.00104182
1590243344.427698382 1.48845 0.01374 0.707318 0.00107238
1590243344.477758167 1.52351 0.0139299 0.701799 0.00113453
1590243344.527993305 1.55858 0.0141199 0.701606 0.00139426
1590243344.578168153 1.59365 0.014309 0.701218 0.00104087
1590243344.628487220 1.62872 0.0144982 0.707318 0.00107168
1590243344.678554467 1.66378 0.0146873 0.701799 0.00113435
1590243344.728652464 1.69885 0.0148766 0.701606 0.00139445
1590243344.778775046 1.73392 0.0150651 0.701218 0.00104148
1590243344.828981042 1.76899 0.0152536 0.707318 0.00107293
1590243344.879081305 1.80405 0.0154421 0.701799 0.00113564
1590243344.929203059 1.83912 0.0156308 0.701606 0.00139577
1590243344.979447935 1.87419 0.0158186 0.701218 0.00104326
1590243345.029484459 1.90926 0.0160065 0.707318 0.00107533
1590243345.080169751 1.94432 0.0161944 0.701799 0.00113757
1590243345.130193389 1.97939 0.0163825 0.701606 0.00139738
1590243345.179994542 2.01446 0.0165697 0.701218 0.00104507
1590243345.230163391 2.04953 0.016757 0.707318 0.00107734
1590243345.280218876 2.08459 0.0169443 0.701799 0.0011389
1590243345.330361786 2.11966 0.0171317 0.701606 0.00139825
1590243345.380681444 2.15473 0.0173183 0.701218 0.00104574
1590243345.430837412 2.1898 0.0175049 0.707318 0.00107768
1590243345.480944676 2.22486 0.0176915 0.701799 0.00113879
1590243345.531164006 2.25993 0.0178782 0.701606 0.00139782
1590243345.581460770 2.29499 0.0180641 0.701218 0.00104486
1590243345.631277827 2.33007 0.01825 0.707318 0.00107612
1590243345.681468331 2.36409 0.0184265 0.675695 0.00104639
1590243345.731599332 2.39684 0.0185936 0.650195 0.00104464
1590243345.781916458 2.42832 0.0187507 0.624695 0.00104428
1590243345.832075368 2.45852 0.0188982 0.599195 0.00104393
1590243345.882269586 2.48745 0.0190365 0.573695 0.00104362
1590243345.932526929 2.51511 0.0191661 0.548194 0.00104336
1590243345.983184073 2.54149 0.0192874 0.522694 0.00104314
1590243346.033151951 2.56659 0.0194008 0.497194 0.00104298
1590243346.083667136 2.59042 0.0195069 0.471694 0.00104286
1590243346.133835129 2.61298 0.0196059 0.446194 0.00104279
1590243346.183951110 2.63426 0.0196985 0.420694 0.00104277
1590243346.234144791 2.65426 0.0197849 0.395194 0.00104278
1590243346.284456194 2.67299 0.0198657 0.369694 0.00104283
1590243346.334373006 2.69045 0.0199413 0.344194 0.00104291
1590243346.384457592 2.70663 0.0200121 0.318694 0.001043
1590243346.434583038 2.72153 0.0200785 0.293194 0.00104312
1590243346.485141657 2.73516 0.020141 0.267694 0.00104325
1590243346.535062073 2.74752 0.0202 0.242194 0.00104338
1590243346.585118323 2.7586 0.020256 0.216694 0.00104352
1590243346.634926258 2.7684 0.0203094 0.191194 0.00104366
1590243346.685185923 2.77693 0.0203606 0.165694 0.00104379
1590243346.735149594 2.78419 0.0204101 0.140194 0.00104392
1590243346.785562387 2.79134 0.0204319 0.144401 0.0015261
1590243346.835653768 2.79869 0.020407 0.148203 0.00122821
1590243346.885709911 2.80623 0.0203004 0.15197 0.00134186
1590243346.935749257 2.81503 0.0200371 0.203803 0.00678625
1590243346.985778956 2.82563 0.0195314 0.221595 0.00658402
1590243347.035872798 2.83653 0.018768 0.218751 0.0028011
1590243347.085925381 2.84682 0.0178907 0.18525 0.00275406
1590243347.136379716 2.8567 0.0168189 0.19982 0.000830168
1590243347.186450875 2.86758 0.0154816 0.226048 0.00944294
1590243347.236622582 2.87974 0.0138049 0.25159 0.0027032
1590243347.286557237 2.89312 0.011758 0.276563 0.00243608
1590243347.336661180 2.90771 0.00931057 0.30643 -0.000978938
1590243347.386461942 2.92354 0.00643853 0.32841 0.00263906
1590243347.436492305 2.94054 0.00307912 0.35303 0.00287725
1590243347.486604143 2.95891 -0.000951598 0.39667 0.00232406
1590243347.536805691 2.979 -0.00570966 0.420032 0.00341132
1590243347.587035224 2.99927 -0.0110061 0.418882 0.00310657
1590243347.637115024 3.01939 -0.0167997 0.418351 0.00212209
1590243347.687209784 3.03861 -0.0226459 0.385252 0.00319584
1590243347.737380781 3.05761 -0.0289074 0.40313 0.00128951
1590243347.787418664 3.07762 -0.0358241 0.429706 0.00141578
1590243347.837410900 3.09871 -0.0434329 0.455835 0.00251797
1590243347.887529466 3.12121 -0.0520991 0.507205 0.00212835
1590243347.937510616 3.14518 -0.0618071 0.519762 0.00396728
1590243347.987727723 3.16844 -0.0716959 0.489976 0.00381409
1590243348.037735763 3.19127 -0.0819895 0.504095 0.00151438
1590243348.088021690 3.21496 -0.0930877 0.527441 -9.78653e-05
1590243348.137872855 3.23962 -0.105093 0.557443 0.00237666
1590243348.188066246 3.26558 -0.118343 0.601374 0.00218027
1590243348.238122997 3.29265 -0.132776 0.619806 0.00513488
1590243348.288221120 3.31962 -0.148017 0.619722 0.00456414
1590243348.338203778 3.34621 -0.16393 0.619739 0.00518406
1590243348.388598950 3.3724 -0.180506 0.619784 0.00491355
1590243348.438523071 3.39815 -0.197735 0.6198 0.00449837
1590243348.488684396 3.42347 -0.215606 0.619822 0.00512422
1590243348.538741213 3.44834 -0.234108 0.619874 0.00486005
1590243348.588802025 3.47273 -0.253229 0.619896 0.00445052
1590243348.638829912 3.49664 -0.272957 0.619922 0.00508404
1590243348.689964070 3.52004 -0.29328 0.619977 0.00482761
1590243348.739957991 3.54293 -0.314185 0.620004 0.0044256
1590243348.789985864 3.56529 -0.335659 0.620029 0.00506738
1590243348.840104203 3.58711 -0.357688 0.620084 0.00481939
1590243348.890239100 3.60837 -0.380259 0.620112 0.00442587
1590243348.940757658 3.62905 -0.403356 0.620134 0.00507575
1590243348.990737082 3.64915 -0.426967 0.620186 0.00483594
1590243349.040903926 3.66866 -0.451074 0.620212 0.00445124
1590243349.090709305 3.68756 -0.475664 0.620227 0.00510807
1590243349.140749611 3.70583 -0.500721 0.620274 0.0048755
1590243349.191107411 3.72347 -0.526229 0.620293 0.00449898
1590243349.241398380 3.74047 -0.552172 0.620301 0.00516116
1590243349.291330338 3.75681 -0.578533 0.620339 0.00493415
1590243349.341395915 3.77249 -0.605296 0.62035 0.00456462
1590243349.391190411 3.7875 -0.632443 0.620347 0.0052299
1590243349.441288516 3.80182 -0.659958 0.620374 0.00500634
1590243349.491227261 3.81544 -0.687823 0.620375 0.00464186
1590243349.541600550 3.82837 -0.71602 0.620361 0.00530798
1590243349.591852704 3.84059 -0.744533 0.620376 0.00508544
1590243349.642162865 3.85208 -0.773341 0.620366 0.00472392
1590243349.692346423 3.86286 -0.802428 0.62034 0.00538842
1590243349.742310129 3.8729 -0.831775 0.620344 0.00516458
1590243349.792333408 3.88221 -0.861364 0.620322 0.00480359
1590243349.842593881 3.89077 -0.891174 0.620286 0.00546431
1590243349.892643825 3.89858 -0.921189 0.620279 0.00523698
1590243349.942659893 3.90564 -0.951389 0.620246 0.00487403
1590243349.992678716 3.91194 -0.981754 0.620203 0.00552912
1590243350.042885786 3.91747 -1.01227 0.620187 0.00529637
1590243350.092864462 3.92224 -1.04291 0.620144 0.00492915
1590243350.143073934 3.92625 -1.07365 0.620096 0.00557726
1590243350.193262489 3.92948 -1.10449 0.620074 0.00533777
1590243350.243269284 3.93193 -1.13539 0.620024 0.00496407
1590243350.293411542 3.93362 -1.16635 0.619973 0.00560445
1590243350.343396130 3.93452 -1.19733 0.619948 0.00535723
1590243350.393519835 3.93465 -1.22833 0.619895 0.00497556
1590243350.443630120 3.93401 -1.25932 0.619845 0.00560809
1590243350.493883962 3.93258 -1.29028 0.61982 0.00535272
1590243350.544003002 3.93038 -1.32119 0.619767 0.00496219
1590243350.594179602 3.92741 -1.35203 0.619721 0.00558731
1590243350.644279857 3.92366 -1.38279 0.6197 0.00532417
1590243350.694362963 3.91915 -1.41345 0.619649 0.00492472
1590243350.744413532 3.91386 -1.44397 0.619611 0.00554352
1590243350.794397387 3.90781 -1.47436 0.619598 0.00527367
1590243350.844813288 3.90101 -1.50458 0.619552 0.00486619
1590243350.894792915 3.89344 -1.53462 0.619524 0.00548033
1590243350.944917776 3.88513 -1.56446 0.61952 0.00520546
1590243350.994835999 3.87606 -1.59408 0.619483 0.00479158
1590243351.045055992 3.86626 -1.62346 0.619465 0.00540327
1590243351.095222571 3.85573 -1.65259 0.619472 0.00512572
1590243351.145252590 3.84446 -1.68144 0.619446 0.00470768
1590243351.195243103 3.83248 -1.71 0.61944 0.00531952
1590243351.245856752 3.81978 -1.73825 0.619459 0.00504181
1590243351.295922630 3.80637 -1.76617 0.619445 0.00462244
1590243351.345905021 3.79227 -1.79375 0.619449 0.00523696
1590243351.396092530 3.77748 -1.82096 0.61948 0.0049618
1590243351.446274689 3.76201 -1.8478 0.619477 0.00454368
1590243351.496181404 3.74587 -1.87424 0.619491 0.00516333
1590243351.546330908 3.72907 -1.90026 0.619532 0.00489329
1590243351.596222937 3.71163 -1.92586 0.619539 0.00447914
1590243351.646144349 3.69354 -1.95101 0.619562 0.00510568
1590243351.696444248 3.67483 -1.9757 0.61961 0.0048426
1590243351.746500295 3.65551 -1.99992 0.619626 0.00443466
1590243351.796902266 3.63558 -2.02364 0.619653 0.00506923
1590243351.846862345 3.61506 -2.04686 0.619707 0.00481438
1590243351.896848781 3.59397 -2.06955 0.619728 0.00441408
1590243351.947026908 3.57231 -2.09171 0.619757 0.00505711
1590243351.997042779 3.5501 -2.11333 0.619813 0.00481086
1590243352.047229594 3.52735 -2.13438 0.619837 0.00441891
1590243352.097244250 3.50409 -2.15485 0.619865 0.00506997
1590243352.147345038 3.48031 -2.17474 0.61992 0.00483184
1590243352.197211705 3.45605 -2.19402 0.619943 0.00444829
1590243352.247541923 3.4313 -2.2127 0.619966 0.00510629
1590243352.297805099 3.4061 -2.23074 0.620017 0.00487524
1590243352.347952775 3.38045 -2.24815 0.620036 0.00449957
1590243352.398155507 3.35437 -2.26492 0.620052 0.00516257
1590243352.448133489 3.32788 -2.28103 0.620096 0.00493675
1590243352.498275004 3.30099 -2.29647 0.62011 0.00456767
1590243352.548267225 3.27497 -2.31057 0.56996 0.00427036
1590243352.598394606 3.2508 -2.32299 0.524452 0.00427065
1590243352.649205602 3.22831 -2.33405 0.485236 0.00402188
1590243352.699065843 3.20726 -2.34401 0.455333 0.00301313
1590243352.748988484 3.18733 -2.35307 0.429237 0.00319097
1590243352.799084128 3.1685 -2.36127 0.400426 -0.000217785
1590243352.848995749 3.15071 -2.36869 0.378429 0.00283265
1590243352.899311627 3.134 -2.37538 0.352845 0.00239444
1590243352.949477030 3.11836 -2.38136 0.326672 0.00204656
1590243352.999514154 3.10388 -2.38665 0.301255 0.00238723
1590243353.049443853 3.09059 -2.39129 0.275065 0.00251813
1590243353.099700966 3.07847 -2.39533 0.249531 0.00245193
1590243353.150858718 3.0675 -2.39882 0.224016 0.00238728
1590243353.200508351 3.05771 -2.40178 0.19884 0.00246395
1590243353.250290862 3.04908 -2.40427 0.176201 0.00602562
1590243353.300335308 3.04162 -2.40631 0.150745 0.00596728
1590243353.350134687 3.03538 -2.40793 0.125233 0.00591652
1590243353.400287116 3.03032 -2.40917 0.0987457 0.00144952
1590243353.450220798 3.02652 -2.41004 0.0790109 0.00117181
1590243353.500457813 3.02457 -2.41046 0.0230688 0.00124041
1590243353.550474451 3.02353 -2.41069 0.0215901 0.00106478
1590243353.600415286 3.02081 -2.4112 0.073845 0.000562004
1590243353.650569898 3.0187 -2.41149 0.0238409 -0.00339334
1590243353.700525195 3.01755 -2.41172 0.0235417 0.00244813
1590243353.750596546 3.01638 -2.41195 0.0234685 -0.00215943
1590243353.800612648 3.01521 -2.41215 0.0235668 0.00904607
1590243353.850687716 3.01404 -2.4123 0.0235543 0.0023358
1590243353.901048799 3.01286 -2.41242 0.0234545 -0.00216268
1590243353.951076130 3.00982 -2.41234 0.0913083 0.00169368
1590243354.001097654 3.0048 -2.41203 0.100568 -0.00112874
1590243354.051285886 2.9993 -2.41152 0.11341 0.000815355
1590243354.101235291 2.99264 -2.4107 0.139452 0.00121703
1590243354.151393852 2.98491 -2.40957 0.161259 0.00115298
1590243354.201407292 2.97601 -2.40802 0.1873 0.00231798
1590243354.251563274 2.96596 -2.40599 0.212627 0.00331908
1590243354.301545443 2.95459 -2.4033 0.239561 0.00219159
1590243354.351707724 2.94213 -2.40001 0.265817 0.00225625
1590243354.402179880 2.92847 -2.39598 0.290605 -0.00359895
1590243354.452364272 2.91372 -2.39118 0.31654 0.00307129
1590243354.502441443 2.89796 -2.38558 0.34396 0.00680445
1590243354.552398075 2.88116 -2.37904 0.367085 0.0032903
1590243354.602424486 2.86337 -2.37156 0.392471 0.0035343
1590243354.652652307 2.84462 -2.36304 0.414632 0.00045598
1590243354.702866776 2.82498 -2.35346 0.446047 0.00703008
1590243354.752978802 2.80455 -2.34283 0.468078 0.00416219
1590243354.803056347 2.78334 -2.33105 0.4932 0.00463539
1590243354.853170776 2.76135 -2.31801 0.519144 0.00513015
1590243354.903116401 2.73866 -2.30368 0.544542 0.00457489
1590243354.953289414 2.71535 -2.28803 0.569709 0.00508384
1590243355.003391607 2.69141 -2.27097 0.595673 0.00551857
1590243355.053536421 2.66696 -2.25248 0.621105 0.00493513
1590243355.103434528 2.64197 -2.23243 0.647585 0.00519291
1590243355.153516732 2.61662 -2.21093 0.672256 0.00517682
1590243355.204033632 2.59097 -2.18791 0.697509 0.0061006
1590243355.254156556 2.56515 -2.16338 0.718114 0.00602983
1590243355.303971703 2.53971 -2.13774 0.723946 0.00572519
1590243355.353977489 2.51498 -2.1113 0.724142 0.00661145
1590243355.404065658 2.49106 -2.08411 0.724223 0.00624201
1590243355.454185609 2.46797 -2.05622 0.724286 0.00576577
1590243355.504516957 2.44572 -2.02764 0.724308 0.00665715
1590243355.554531451 2.42434 -1.99841 0.724373 0.0063026
1590243355.604547473 2.40385 -1.96854 0.724424 0.00584305
1590243355.654589360 2.38427 -1.93807 0.724429 0.00674593
1590243355.704675697 2.3656 -1.90703 0.724477 0.00640302
1590243355.754759945 2.34788 -1.87543 0.72451 0.00595739
1590243355.804854008 2.33112 -1.84332 0.724494 0.00686676
1590243355.854861226 2.31533 -1.81072 0.72452 0.00653056
1590243355.904877116 2.30052 -1.77766 0.724531 0.0060936
1590243355.954970444 2.28671 -1.74416 0.724492 0.00700364
1590243356.005208377 2.27392 -1.71027 0.724494 0.00666804
1590243356.055329360 2.26215 -1.67601 0.724481 0.00623362
1590243356.105596025 2.25141 -1.64142 0.724421 0.00713828
1590243356.155729598 2.24172 -1.60652 0.724401 0.00679708
1590243356.205743623 2.23308 -1.57134 0.724366 0.00635852
1590243356.255964775 2.2255 -1.53593 0.724288 0.00725245
1590243356.305890576 2.219 -1.5003 0.724249 0.00690015
1590243356.356390483 2.21356 -1.4645 0.724195 0.00645175
1590243356.406255563 2.2092 -1.42856 0.724106 0.0073312
1590243356.456079016 2.20593 -1.3925 0.724056 0.00696397
1590243356.506264869 2.20373 -1.35637 0.721047 0.00591742
1590243356.556384452 2.20258 -1.32024 0.72295 0.00830216
1590243356.606361526 2.2025 -1.28409 0.722986 0.00768566
1590243356.656481536 2.20351 -1.24796 0.722238 0.00615025
1590243356.706712392 2.20559 -1.21188 0.720453 0.00592959
1590243356.756839239 2.20874 -1.17588 0.722653 0.0082678
1590243356.806752736 2.21297 -1.13999 0.722698 0.00763267
1590243356.856934321 2.21827 -1.10426 0.721955 0.0060626
1590243356.907155887 2.22464 -1.06869 0.720209 0.00584334
1590243356.957295499 2.23206 -1.03334 0.722416 0.00815277
1590243357.007519991 2.24053 -0.998225 0.722472 0.00750034
1590243357.057651009 2.25006 -0.963383 0.721743 0.00589345
1590243357.107645510 2.26061 -0.928842 0.720053 0.00568572
1590243357.157799466 2.2722 -0.894634 0.722274 0.00798106
1590243357.207683317 2.2848 -0.860788 0.72235 0.00731746
1590243357.257710908 2.29841 -0.827336 0.721641 0.00567933
1590243357.307853504 2.31301 -0.794305 0.720013 0.00549275
1590243357.357972199 2.32859 -0.761726 0.72225 0.00778956
1590243357.408060493 2.34514 -0.729627 0.722354 0.00712304
1590243357.458323260 2.36265 -0.698037 0.721667 0.00546561
1590243357.508330955 2.38109 -0.666983 0.720092 0.0053097
1590243357.558245800 2.40045 -0.636493 0.722347 0.00761963
1590243357.608356076 2.42072 -0.606594 0.722477 0.00695918
1590243357.658573451 2.44187 -0.577314 0.721809 0.00529813
1590243357.708563766 2.46389 -0.548675 0.720268 0.00517896
1590243357.758804967 2.48676 -0.520705 0.722537 0.00750907
1590243357.808742493 2.51045 -0.493429 0.722687 0.00686283
1590243357.858949220 2.53495 -0.466871 0.722031 0.00521443
1590243357.908931163 2.56024 -0.441053 0.720499 0.00512936
1590243357.959523285 2.58628 -0.415999 0.722775 0.00748401
1590243358.009333780 2.61307 -0.391731 0.722937 0.00685711
1590243358.059520384 2.63992 -0.368815 0.696017 0.00637628
1590243358.109454430 2.66636 -0.347624 0.668923 0.00556333
1590243358.159572543 2.69238 -0.328009 0.64348 0.00620025
1590243358.209490242 2.7179 -0.309927 0.617824 0.0057057
1590243358.259625698 2.74289 -0.293304 0.592299 0.00514568
1590243358.309948475 2.76729 -0.278083 0.566993 0.00575074
1590243358.360529323 2.791 -0.264244 0.541337 0.00529885
1590243358.410314784 2.81399 -0.251713 0.515787 0.00476872
1590243358.460212511 2.83622 -0.240428 0.49045 0.00528554
1590243358.510022091 2.85758 -0.230357 0.464785 0.004867
1590243358.560209655 2.87807 -0.221422 0.439211 0.00435905
1590243358.610406302 2.89765 -0.213557 0.41385 0.0047782
1590243358.660815441 2.91622 -0.20672 0.388304 0.00467323
1590243358.710652985 2.93378 -0.200832 0.362596 0.00390293
1590243358.760549806 2.9503 -0.195822 0.337097 0.00393053
1590243358.810597171 2.9657 -0.191639 0.311683 0.00415762
1590243358.860577237 2.97998 -0.188203 0.285653 0.00329256
1590243358.910629892 2.9931 -0.185458 0.259892 0.00349895
1590243358.960663564 3.00498 -0.183346 0.230993 -7.4134e-05
1590243359.011078953 3.01567 -0.181782 0.208548 0.000980892
1590243359.061064899 3.02507 -0.180686 0.182128 0.00123871
1590243359.111098453 3.03297 -0.180059 0.138633 9.03896e-05
1590243359.161230433 3.03895 -0.179741 0.102253 0.000286925
1590243359.211385183 3.04292 -0.179549 0.0560391 0.00140174
1590243359.261346684 3.0446 -0.179401 0.0180094 0.00496406
1590243359.311493367 3.04485 -0.179324 0.00195401 0.0011126
1590243359.361640419 3.04492 -0.179273 0.00160617 0.00139562
1590243359.411677821 3.04498 -0.179224 0.00121837 0.00104467
1590243359.462036929 3.04506 -0.179174 0.00731798 0.00107334
1590243359.511887420 3.04512 -0.179124 0.00179809 0.00113375
1590243359.561990195 3.04518 -0.179073 0.0016062 0.00139546
1590243359.612536945 3.04525 -0.179023 0.00121837 0.00104467
1590243359.662412504 3.04532 -0.178973 0.00731798 0.00107334
1590243359.712849012 3.04538 -0.178923 0.00179809 0.00113375
1590243359.763093942 3.04545 -0.178873 0.0016062 0.00139546
1590243359.813850338 3.04551 -0.178823 0.00121837 0.00104467
1590243359.863699847 3.04559 -0.178773 0.00731798 0.00107334
1590243359.913504524 3.04565 -0.178723 0.00179809 0.00113375
1590243359.963704088 3.04571 -0.178673 0.0016062 0.00139546
1590243360.013639623 3.04578 -0.178623 0.00121837 0.00104467
1590243360.063703116 3.04585 -0.178573 0.00731798 0.00107334
1590243360.113783511 3.04591 -0.178523 0.00179809 0.00113376
1590243360.163882921 3.04598 -0.178473 0.0016062 0.00139546
1590243360.214268937 3.04605 -0.178423 0.00121837 0.00104467
1590243360.264624611 3.04612 -0.178373 0.00731798 0.00107334
1590243360.317116871 3.04618 -0.178323 0.00179809 0.00113376
1590243360.366302528 3.04625 -0.178273 0.0016062 0.00139546
1590243360.415920847 3.04631 -0.178223 0.00121837 0.00104467
1590243360.465443821 3.04638 -0.178173 0.00731798 0.00107333
1590243360.515508078 3.04644 -0.178123 0.00179809 0.00113376
1590243360.565497082 3.04651 -0.178072 0.0016062 0.00139546
1590243360.616411501 3.04658 -0.178023 0.00121837 0.00104466
1590243360.666501918 3.04665 -0.177973 0.00731798 0.00107333
1590243360.716393222 3.04671 -0.177923 0.00179809 0.00113377
1590243360.766459906 3.04678 -0.177872 0.0016062 0.00139546
1590243360.816577936 3.04684 -0.177823 0.00121837 0.00104466
