0.428000000 4.4954e-05 1.48434e-09 -6.7e-06
0.478000000 -0.000100901 -2.35445e-10 -7.10372e-05
0.528000000 -5.32369e-05 8.95176e-11 -5.66048e-05
0.578000000 -2.35543e-05 8.32895e-10 -7.32531e-05
0.628000000 3.15459e-07 1.63193e-09 -7.06387e-05
0.678000000 -9.21697e-05 -5.86127e-10 -9.67489e-05
0.728000000 -6.31408e-05 1.04908e-10 -8.23164e-05
0.778000000 -3.90364e-05 1.10463e-09 -9.81899e-05
0.828000000 -1.69605e-05 2.15576e-09 -9.55755e-05
0.878000000 -0.000100902 -1.20917e-09 -0.000121707
0.928000000 -7.46598e-05 -1.21665e-10 -0.000107274
0.978000000 -5.14397e-05 1.19787e-09 -0.000122952
1.028000000 -2.96343e-05 2.5386e-09 -0.000120338
1.078000000 -0.000111987 -2.01873e-09 -0.000146432
1.128000000 -8.62439e-05 -5.5013e-10 -0.000132
1.178000000 -6.31793e-05 1.09262e-09 -0.000147539
1.228000000 -4.14203e-05 2.73188e-09 -0.000144925
1.278000000 -0.000123488 -2.99178e-09 -0.000170944
1.328000000 -9.78332e-05 -1.1632e-09 -0.000156511
1.378000000 -7.47961e-05 7.98365e-10 -0.000171917
1.428000000 -5.30454e-05 2.73837e-09 -0.000169303
1.478000000 -0.000135061 -4.12594e-09 -0.000195221
1.528000000 -0.000109423 -1.95314e-09 -0.000180788
1.578000000 -8.63908e-05 3.22746e-10 -0.000196055
1.628000000 -6.46416e-05 2.56376e-09 -0.00019344
1.678000000 -0.000146649 -5.4223e-09 -0.000219238
1.728000000 -0.000121013 -2.9165e-09 -0.000204805
1.778000000 -9.79815e-05 -3.29951e-10 -0.000219927
1.828000000 -7.62326e-05 2.21172e-09 -0.000217313
1.878000000 -0.000158238 -6.88235e-09 -0.000242977
1.928000000 -0.000132603 -4.05173e-09 -0.000228544
1.978000000 -0.000109571 -1.15736e-09 -0.000243517
2.028000000 -8.78226e-05 1.68448e-09 -0.000240902
2.078000000 -0.000169827 -8.50747e-09 -0.000266426
2.128000000 -0.000144192 -5.35808e-09 -0.000251993
2.178000000 -0.000121161 -2.15814e-09 -0.000266814
2.228000000 -9.94123e-05 9.83397e-10 -0.000264199
2.278000000 -0.000181417 -1.02989e-08 -0.000289579
2.328000000 -0.000155782 -6.83525e-09 -0.000275146
2.378000000 -0.000132751 -3.33144e-09 -0.000289816
2.428000000 -0.000111002 1.09349e-10 -0.000287202
2.478000000 -0.000193006 -1.22575e-08 -0.000312437
2.528000000 -0.000167372 -8.48313e-09 -0.000298004
2.578000000 -0.00014434 -4.67677e-09 -0.000312528
2.628000000 -0.000122591 -9.37066e-10 -0.000309914
2.678000000 -0.000204596 -1.43843e-08 -0.000335009
2.728000000 -0.000178961 -1.03017e-08 -0.000320575
2.778000000 -0.000155929 -6.19377e-09 -0.000334958
2.828000000 -0.000134181 -2.15544e-09 -0.000332344
2.878000000 -0.000216185 -1.66799e-08 -0.000357304
2.928000000 -0.00019055 -1.22909e-08 -0.00034287
2.978000000 -0.000167518 -7.88221e-09 -0.000357119
3.028000000 -0.00014577 -3.54548e-09 -0.000354505
3.078000000 -0.000227774 -1.91448e-08 -0.000379338
3.128000000 -0.000202139 -1.4451e-08 -0.000364904
3.178000000 -0.000179107 -9.74196e-09 -0.000379027
3.228000000 -0.000157359 -5.10698e-09 -0.000376413
3.278000000 -0.000239363 -2.17794e-08 -0.000401127
3.328000000 -0.000213728 -1.67817e-08 -0.000386693
3.378000000 -0.000190696 -1.17729e-08 -0.000400701
3.428000000 -0.000168948 -6.83981e-09 -0.000398086
3.478000000 -0.000250952 -2.45842e-08 -0.00042269
3.528000000 -0.000225317 -1.92834e-08 -0.000408256
3.578000000 -0.000202285 -1.3975e-08 -0.000422157
3.628000000 -0.000180537 -8.74385e-09 -0.000419543
3.678000000 -0.000262541 -2.75592e-08 -0.000444046
3.728000000 -0.000236906 -2.19558e-08 -0.000429612
3.778000000 -0.000213874 -1.63481e-08 -0.000443416
3.828000000 -0.000192126 -1.0819e-08 -0.000440802
3.878000000 -0.000274129 -3.07047e-08 -0.000465213
3.928000000 0.000779657 2.32508e-07 -0.00045078
3.978000000 0.0029802 7.88491e-07 -3.8662e-05
4.028000000 0.00622539 1.64563e-06 -3.54414e-05
4.078000000 0.0108026 2.87725e-06 0.000409421
4.128000000 0.0165978 4.43586e-06 0.0004005
4.178000000 0.0235579 6.36776e-06 0.000823821
4.228000000 0.031845 8.69862e-06 0.000836816
4.278000000 0.0414378 1.13853e-05 0.00123201
4.328000000 0.0521572 1.44698e-05 0.00123523
4.377000000 0.0640783 1.79409e-05 0.00165383
4.428000000 0.0776589 2.187e-05 0.00164473
4.478000000 0.0922266 2.61896e-05 0.00205437
4.528000000 0.108136 3.09538e-05 0.00206736
4.578000000 0.125362 3.60829e-05 0.00244987
4.628000000 0.143721 4.16763e-05 0.00245308
4.678000000 0.163481 4.77536e-05 0.00287058
4.728000000 0.184498 5.41792e-05 0.00286165
4.778000000 0.206708 6.11206e-05 0.00325966
4.828000000 0.230263 6.85467e-05 0.00327263
4.878000000 0.254585 7.6362e-05 0.00346932
4.928000000 0.279209 8.44703e-05 0.00349116
4.978000000 0.303878 9.27039e-05 0.00342937
5.028000000 0.328737 0.000101215 0.00344378
5.078000000 0.353653 0.00010986 0.00339535
5.128000000 0.378605 0.000118503 0.00339798
5.178000000 0.403476 0.000127195 0.00334152
5.228000000 0.428472 0.000136125 0.00335592
5.278000000 0.453474 0.000145157 0.0033124
5.328000000 0.478484 0.000154171 0.00331504
5.378000000 0.50339 0.000163219 0.00326314
5.428000000 0.528412 0.0001725 0.00327755
5.478000000 0.553427 0.000181879 0.00323824
5.528000000 0.578448 0.000191236 0.00324088
5.578000000 0.60336 0.000200625 0.00319289
5.628000000 0.628386 0.000210247 0.0032073
5.678000000 0.653404 0.000219967 0.00317163
5.728000000 0.678427 0.000229665 0.00317427
5.778000000 0.703339 0.000239395 0.00312963
5.828000000 0.728238 0.000205386 0.00314357
5.878000000 0.753244 6.86879e-05 -0.00207604
5.928000000 0.778219 -0.00022334 -0.00707921
5.978000000 0.80318 -0.000737694 -0.0172948
6.028000000 0.828165 -0.00148872 -0.0271608
6.078000000 0.853117 -0.00253399 -0.040083
6.128000000 0.878073 -0.00392686 -0.0541954
6.178000000 0.903017 -0.00570441 -0.0693871
6.228000000 0.927904 -0.00789395 -0.0844841
6.277000000 0.952266 -0.0105408 -0.104481
6.328000000 0.977555 -0.0137646 -0.124979
6.378000000 1.00224 -0.0175037 -0.147786
6.428000000 1.02685 -0.02184 -0.171342
6.478000000 1.05131 -0.0268481 -0.199199
6.528000000 1.07564 -0.0325658 -0.227478
6.578000000 1.09975 -0.0390444 -0.258468
6.628000000 1.12365 -0.0462869 -0.288511
6.678000000 1.14728 -0.0543813 -0.32378
6.728000000 1.17061 -0.0633071 -0.35878
6.778000000 1.19358 -0.0731499 -0.397157
6.828000000 1.21615 -0.0839108 -0.436879
6.878000000 1.23821 -0.0956196 -0.478033
6.928000000 1.25978 -0.10827 -0.518095
6.978000000 1.28073 -0.121934 -0.564044
7.028000000 1.30106 -0.136559 -0.609044
7.078000000 1.32061 -0.152163 -0.656914
7.128000000 1.33935 -0.168722 -0.705941
7.178000000 1.35721 -0.186295 -0.757353
7.228000000 1.37418 -0.204821 -0.807354
7.278000000 1.39005 -0.224292 -0.863412
7.328000000 1.40482 -0.244614 -0.918317
7.378000000 1.41835 -0.26581 -0.976557
7.428000000 1.43061 -0.287777 -1.03511
7.478000000 1.44145 -0.31049 -1.09653
7.528000000 1.45088 -0.333845 -1.15654
7.578000000 1.45873 -0.357818 -1.22247
7.628000000 1.465 -0.382244 -1.28736
7.678000000 1.46958 -0.407065 -1.35367
7.728000000 1.4725 -0.432155 -1.4187
7.778000000 1.47369 -0.458768 -1.48972
7.828000000 1.47312 -0.484782 -1.55299
7.878000000 1.47044 -0.512293 -1.62619
7.928000000 1.46631 -0.537577 -1.6905
7.978000000 1.46041 -0.561729 -1.76868
8.028000000 1.45251 -0.58576 -1.84664
8.078000000 1.44272 -0.609064 -1.92585
8.128000000 1.43161 -0.63085 -2.00074
8.178000000 1.41836 -0.65215 -2.08115
8.228000000 1.40262 -0.673322 -2.15615
8.278000000 1.38606 -0.692286 -2.23681
8.328000000 1.36815 -0.70987 -2.31201
8.378000000 1.34892 -0.725879 -2.39177
8.428000000 1.32882 -0.740151 -2.46695
8.478000000 1.30736 -0.752841 -2.54524
8.528000000 1.2837 -0.764401 -2.62024
8.578000000 1.26042 -0.773697 -2.70156
8.628000000 1.23661 -0.78112 -2.77677
8.678000000 1.2123 -0.786562 -2.85402
8.728000000 1.18768 -0.790074 -2.92902
8.778000000 1.16286 -0.791551 -3.00663
8.828000000 1.13802 -0.791071 -3.08163
8.878000000 1.11332 -0.788552 -3.15775
8.928000000 1.08746 -0.783869 -3.23291
8.978000000 1.06425 -0.777823 -2.86092
9.028000000 1.04068 -0.769787 -2.93095
9.078000000 1.01851 -0.760294 -2.5871
9.128000000 0.996352 -0.748908 -2.65505
9.178000000 0.975119 -0.735996 -2.33435
9.228000000 0.954596 -0.72157 -2.39928
9.278000000 0.935114 -0.705839 -2.10122
9.328000000 0.916559 -0.688831 -2.16146
9.378000000 0.899031 -0.670604 -1.88687
9.428000000 0.882585 -0.651385 -1.94302
9.478000000 0.867342 -0.631268 -1.68883
9.528000000 0.85313 -0.610198 -1.74405
9.578000000 0.840097 -0.58839 -1.50799
9.628000000 0.828144 -0.565904 -1.55799
9.678000000 0.817302 -0.54282 -1.33701
9.728000000 0.807554 -0.519287 -1.38219
9.778000000 0.798885 -0.495262 -1.17783
9.827000000 0.791442 -0.471367 -1.21898
9.878000000 0.784671 -0.446251 -1.02982
9.928000000 0.779056 -0.421332 -1.06979
9.978000000 0.774416 -0.396236 -0.89205
10.028000000 0.770687 -0.371007 -0.927108
10.078000000 0.767848 -0.345669 -0.760853
10.128000000 0.76581 -0.320267 -0.791131
10.178000000 0.764589 -0.29482 -0.636831
10.227000000 0.764147 -0.269841 -0.666271
10.278000000 0.764341 -0.2439 -0.520922
10.328000000 0.765228 -0.218488 -0.545922
10.378000000 0.76675 -0.193123 -0.409868
10.428000000 0.768824 -0.167813 -0.430701
10.478000000 0.771448 -0.142572 -0.302911
10.531000000 0.774695 -0.115952 -0.32411
10.578000000 0.778097 -0.0923457 -0.200135
10.628000000 0.782052 -0.0673366 -0.21513
10.678000000 0.786384 -0.0423756 -0.0993876
10.728000000 0.791015 -0.0175036 -0.110887
10.778000000 0.795924 0.00729637 -0.00133848
10.828000000 0.801078 0.0320543 -0.0113381
10.878000000 0.806403 0.0567396 0.094207
10.928000000 0.811879 0.0813782 0.089207
10.978000000 0.817463 0.105976 0.18925
11.028000000 0.82311 0.13057 0.187306
11.078000000 0.828768 0.155128 0.283229
11.128000000 0.834402 0.179691 0.283229
11.178000000 0.839929 0.204255 0.377448
11.228000000 0.845355 0.228824 0.382448
11.277000000 0.850503 0.252962 0.472581
11.328000000 0.855657 0.27809 0.482224
11.378000000 0.860449 0.30277 0.56936
11.428000000 0.864966 0.327496 0.579421
11.478000000 0.869117 0.352276 0.666261
11.528000000 0.872913 0.377109 0.681324
11.578000000 0.876275 0.402004 0.76568
11.628000000 0.879173 0.426946 0.784605
11.678000000 0.881549 0.451936 0.866579
11.728000000 0.883397 0.476966 0.886643
11.778000000 0.884611 0.502028 0.969286
11.828000000 0.885212 0.527109 0.994351
11.878000000 0.885112 0.5522 1.07556
11.928000000 0.884297 0.577274 1.10392
11.978000000 0.882691 0.602307 1.1838
12.028000000 0.88034 0.627275 1.21382
12.078000000 0.877187 0.652154 1.29013
12.128000000 0.873289 0.67692 1.32015
12.178000000 0.868591 0.701546 1.39314
12.228000000 0.863152 0.726011 1.42316
12.278000000 0.856921 0.750285 1.49307
12.328000000 0.84996 0.774351 1.52309
12.378000000 0.842219 0.798177 1.59015
12.428000000 0.833761 0.821747 1.62017
12.478000000 0.824539 0.845028 1.68458
12.528000000 0.814618 0.868008 1.71461
12.578000000 0.803952 0.890651 1.77656
12.628000000 0.792606 0.912948 1.80659
12.678000000 0.780537 0.934862 1.86627
12.728000000 0.767811 0.956387 1.89629
12.778000000 0.753833 0.978298 1.9543
12.828000000 0.738587 1.00067 1.98263
12.878000000 0.722083 1.02332 2.03779
12.928000000 0.704195 1.04637 2.06731
12.978000000 0.684767 1.06981 2.12208
13.028000000 0.663852 1.09356 2.1516
13.078000000 0.641269 1.11762 2.20465
13.128000000 0.617135 1.14184 2.23437
13.178000000 0.591258 1.16621 2.28577
13.228000000 0.563771 1.19059 2.31549
13.278000000 0.53451 1.21494 2.36499
13.328000000 0.503554 1.23917 2.39453
13.378000000 0.470799 1.26318 2.44254
13.428000000 0.436426 1.28681 2.47214
13.478000000 0.399179 1.31042 2.52199
13.527000000 0.361501 1.33231 2.56134
13.578000000 0.3213 1.35363 2.61757
13.628000000 0.280928 1.37295 2.65768
13.678000000 0.239694 1.39057 2.71201
13.728000000 0.197748 1.40649 2.75211
13.778000000 0.155125 1.42059 2.80542
13.827000000 0.112793 1.43261 2.84472
13.878000000 0.0682711 1.44331 2.89786
13.928000000 0.0242044 1.45189 2.93795
13.978000000 -0.0202001 1.45853 2.98941
14.028000000 -0.0648399 1.4633 3.0295
14.078000000 -0.109653 1.46611 2.63145
14.128000000 -0.154546 1.46703 2.67153
14.178000000 -0.199448 1.46598 2.30458
14.228000000 -0.244275 1.46305 2.34467
14.278000000 -0.285794 1.45868 2.00597
14.328000000 -0.326931 1.45288 2.03617
14.378000000 -0.366627 1.4457 1.71981
14.428000000 -0.404881 1.43731 1.75474
14.478000000 -0.441576 1.42778 1.4633
14.528000000 -0.476895 1.4172 1.49823
14.577000000 -0.509911 1.40575 1.23233
14.628000000 -0.543712 1.39265 1.27321
14.678000000 -0.576087 1.3784 1.0318
14.728000000 -0.607797 1.36285 1.07188
14.778000000 -0.638766 1.34596 0.85056
14.828000000 -0.669899 1.32747 0.890643
14.878000000 -0.699592 1.30827 0.67949
14.928000000 -0.72938 1.28764 0.714573
14.978000000 -0.757829 1.26653 0.515659
15.028000000 -0.785599 1.24457 0.54574
15.078000000 -0.813437 1.22125 0.36285
15.128000000 -0.840043 1.19777 0.384366
15.178000000 -0.866757 1.17308 0.211603
15.228000000 -0.892346 1.14842 0.228383
15.278000000 -0.917354 1.12325 0.0677212
15.328000000 -0.942577 1.09704 0.0878079
15.378000000 -0.966782 1.071 -0.0678227
15.428000000 -0.990569 1.04464 -0.0527736
15.478000000 -1.01459 1.01735 -0.196549
15.528000000 -1.03779 0.990413 -0.18915
15.578000000 -1.06066 0.96327 -0.324202
15.628000000 -1.08324 0.935934 -0.314142
15.678000000 -1.10549 0.908393 -0.439047
15.728000000 -1.12749 0.880632 -0.42904
15.778000000 -1.14915 0.852667 -0.543783
15.828000000 -1.17054 0.824506 -0.533783
15.878000000 -1.19163 0.796119 -0.639803
15.928000000 -1.21243 0.767542 -0.629741
15.978000000 -1.23291 0.738765 -0.72776
16.028000000 -1.25312 0.709776 -0.717751
16.078000000 -1.273 0.680595 -0.807535
16.128000000 -1.29259 0.651231 -0.797535
16.178000000 -1.31186 0.621653 -0.880386
16.228000000 -1.33084 0.5919 -0.870323
16.278000000 -1.34949 0.561963 -0.946833
16.328000000 -1.36785 0.531829 -0.936823
16.378000000 -1.38587 0.501519 -1.00664
16.428000000 -1.4036 0.471043 -0.996639
16.478000000 -1.42099 0.44037 -1.06095
16.528000000 -1.43807 0.409539 -1.05089
16.577000000 -1.45446 0.379122 -1.11039
16.628000000 -1.47125 0.347336 -1.10018
16.678000000 -1.48734 0.316002 -1.15416
16.728000000 -1.50313 0.28452 -1.14416
16.778000000 -1.51856 0.25286 -1.19375
16.828000000 -1.53369 0.221059 -1.18369
16.878000000 -1.54845 0.189113 -1.2293
16.928000000 -1.56292 0.157005 -1.21929
16.978000000 -1.57701 0.12476 -1.2604
17.028000000 -1.59079 0.0923856 -1.2504
17.078000000 -1.60422 0.0598527 -1.28805
17.128000000 -1.61732 0.0271993 -1.27799
17.178000000 -1.63005 -0.00557995 -1.31253
17.228000000 -1.64248 -0.0385011 -1.30252
17.278000000 -1.65452 -0.0715387 -1.33336
17.328000000 -1.66625 -0.104686 -1.32336
17.378000000 -1.6776 -0.13797 -1.35149
17.428000000 -1.68863 -0.171355 -1.34143
17.478000000 -1.69928 -0.204843 -1.36713
17.528000000 -1.70962 -0.238454 -1.35712
17.578000000 -1.71957 -0.272159 -1.37977
17.628000000 -1.72919 -0.305952 -1.36977
17.678000000 -1.73843 -0.339861 -1.39029
17.728000000 -1.74734 -0.37385 -1.38023
17.778000000 -1.75587 -0.40792 -1.39887
17.828000000 -1.76438 -0.442884 -1.38887
17.878000000 -1.77257 -0.47738 -1.41298
17.928000000 -1.78056 -0.511682 -1.40905
17.978000000 -1.78846 -0.546192 -1.43138
18.028000000 -1.79632 -0.580494 -1.43217
18.078000000 -1.80413 -0.614772 -1.4551
18.128000000 -1.81194 -0.649035 -1.4551
18.178000000 -1.81973 -0.683284 -1.47638
18.228000000 -1.82753 -0.717523 -1.47638
18.278000000 -1.83531 -0.751754 -1.49615
18.328000000 -1.8431 -0.785978 -1.49615
18.378000000 -1.85087 -0.820196 -1.51449
18.428000000 -1.85867 -0.854409 -1.51449
18.478000000 -1.86644 -0.888616 -1.53153
18.528000000 -1.87423 -0.92282 -1.53153
18.578000000 -1.882 -0.957019 -1.54733
18.628000000 -1.88979 -0.991214 -1.54733
18.678000000 -1.89755 -1.02541 -1.56202
18.728000000 -1.90534 -1.05959 -1.56202
18.778000000 -1.91311 -1.09378 -1.57565
18.828000000 -1.9209 -1.12796 -1.57565
18.878000000 -1.92867 -1.16214 -1.58831
18.928000000 -1.93646 -1.19632 -1.58831
18.978000000 -1.94423 -1.23049 -1.60005
19.028000000 -1.95202 -1.26466 -1.60005
19.078000000 -1.95979 -1.29883 -1.61097
19.128000000 -1.96758 -1.333 -1.61097
19.178000000 -1.97534 -1.36716 -1.62109
19.228000000 -1.98313 -1.40132 -1.62109
19.278000000 -1.9909 -1.43548 -1.6305
19.328000000 -1.99869 -1.46964 -1.6305
19.378000000 -2.00646 -1.5038 -1.63923
19.428000000 -2.01425 -1.53796 -1.63923
19.478000000 -2.02202 -1.57211 -1.64734
19.528000000 -2.0298 -1.60626 -1.64734
19.578000000 -2.03757 -1.64041 -1.65486
19.628000000 -2.04536 -1.67456 -1.65486
19.678000000 -2.05313 -1.70871 -1.66186
19.728000000 -2.06092 -1.74286 -1.66186
19.778000000 -2.06869 -1.777 -1.66834
19.828000000 -2.07648 -1.81115 -1.66834
19.878000000 -2.08424 -1.84529 -1.67438
19.928000000 -2.09203 -1.87943 -1.67438
19.978000000 -2.0998 -1.91357 -1.67996
20.028000000 -2.10759 -1.94772 -1.67996
20.078000000 -2.11536 -1.98186 -1.68517
20.128000000 -2.12315 -2.01599 -1.68517
20.178000000 -2.13074 -2.0494 -1.69062
20.228000000 -2.13814 -2.08177 -1.69141
20.278000000 -2.14528 -2.113 -1.69706
20.328000000 -2.1522 -2.14306 -1.69786
20.378000000 -2.15883 -2.17188 -1.70318
20.428000000 -2.16524 -2.19949 -1.70398
20.478000000 -2.17135 -2.22582 -1.709
20.527000000 -2.1771 -2.25039 -1.70978
20.578000000 -2.18281 -2.27472 -1.71454
20.628000000 -2.18814 -2.29727 -1.71533
20.678000000 -2.19317 -2.31853 -1.71982
20.728000000 -2.19796 -2.33854 -1.72061
20.778000000 -2.20243 -2.35726 -1.72487
20.828000000 -2.20666 -2.37473 -1.72566
20.878000000 -2.21057 -2.39091 -1.72968
20.928000000 -2.21423 -2.40585 -1.73048
20.978000000 -2.21756 -2.4195 -1.7343
21.028000000 -2.22064 -2.43192 -1.73509
21.078000000 -2.2234 -2.44304 -1.73872
21.128000000 -2.22589 -2.45294 -1.73951
21.178000000 -2.22806 -2.46154 -1.74296
21.228000000 -2.22996 -2.46892 -1.74375
21.278000000 -2.23153 -2.47502 -1.74703
21.328000000 -2.23283 -2.47988 -1.74783
21.378000000 -2.23379 -2.48347 -1.75096
21.428000000 -2.23448 -2.48583 -1.75175
21.478000000 -2.23483 -2.48692 -1.75474
21.528000000 -2.23498 -2.48708 -1.75553
21.578000000 -2.23506 -2.48695 -1.75721
21.628000000 -2.23512 -2.48667 -1.75721
21.678000000 -2.23514 -2.48628 -1.75875
21.728000000 -2.23517 -2.48584 -1.75875
21.778000000 -2.23517 -2.48538 -1.7602
21.828000000 -2.23519 -2.48491 -1.7602
21.878000000 -2.23517 -2.48443 -1.76153
21.928000000 -2.23518 -2.48397 -1.76153
21.978000000 -2.23517 -2.48353 -1.76278
22.028000000 -2.23517 -2.4831 -1.76278
22.078000000 -2.23515 -2.48269 -1.76392
22.128000000 -2.23516 -2.48229 -1.76392
22.178000000 -2.23514 -2.48191 -1.765
22.228000000 -2.23515 -2.48155 -1.765
22.278000000 -2.23513 -2.48121 -1.76599
22.328000000 -2.23513 -2.48089 -1.76599
22.378000000 -2.23511 -2.48058 -1.76692
22.428000000 -2.23512 -2.48028 -1.76692
22.478000000 -2.2351 -2.48 -1.76778
22.527000000 -2.2351 -2.47973 -1.76778
22.578000000 -2.23508 -2.47948 -1.76858
22.628000000 -2.23509 -2.47924 -1.76858
22.677000000 -2.23507 -2.47901 -1.76932
22.728000000 -2.23507 -2.47879 -1.76932
22.778000000 -2.23505 -2.47858 -1.77003
22.828000000 -2.23506 -2.47838 -1.77003
22.878000000 -2.23504 -2.4782 -1.77066
22.928000000 -2.23504 -2.47802 -1.77066
22.978000000 -2.23502 -2.47785 -1.77127
23.028000000 -2.23503 -2.47769 -1.77127
23.078000000 -2.23501 -2.47753 -1.77181
23.128000000 -2.23501 -2.47739 -1.77181
23.178000000 -2.23499 -2.47725 -1.77233
23.228000000 -2.235 -2.47712 -1.77233
23.278000000 -2.23498 -2.47699 -1.77281
23.328000000 -2.23498 -2.47687 -1.77281
23.378000000 -2.23496 -2.47676 -1.77326
23.428000000 -2.23497 -2.47665 -1.77326
23.478000000 -2.23495 -2.47655 -1.77366
23.528000000 -2.23495 -2.47645 -1.77366
23.578000000 -2.23493 -2.47636 -1.77406
23.628000000 -2.23494 -2.47627 -1.77406
23.678000000 -2.23492 -2.47618 -1.77443
23.728000000 -2.23492 -2.4761 -1.77443
23.778000000 -2.23491 -2.47603 -1.77477
23.828000000 -2.23491 -2.47596 -1.77477
23.878000000 -2.23489 -2.47589 -1.77509
23.928000000 -2.2349 -2.47582 -1.77509
23.978000000 -2.23488 -2.47576 -1.7754
24.028000000 -2.23488 -2.4757 -1.7754
24.078000000 -2.23486 -2.47565 -1.77568
24.128000000 -2.23487 -2.47559 -1.77568
24.178000000 -2.23485 -2.47554 -1.77594
24.228000000 -2.23485 -2.47549 -1.77594
24.278000000 -2.23483 -2.47545 -1.77618
24.328000000 -2.23484 -2.4754 -1.77618
24.378000000 -2.23482 -2.47536 -1.77642
24.428000000 -2.23482 -2.47532 -1.77642
24.478000000 -2.2348 -2.47529 -1.77663
24.528000000 -2.23481 -2.47525 -1.77663
24.578000000 -2.23479 -2.47522 -1.77683
24.628000000 -2.23479 -2.47518 -1.77683
24.678000000 -2.23477 -2.47515 -1.77701
24.728000000 -2.23478 -2.47512 -1.77701
24.778000000 -2.23476 -2.4751 -1.77718
24.828000000 -2.23476 -2.47507 -1.77718
24.878000000 -2.23474 -2.47505 -1.77734
24.928000000 -2.23475 -2.47502 -1.77734
24.978000000 -2.23473 -2.475 -1.7775
25.028000000 -2.23473 -2.47498 -1.7775
25.078000000 -2.23471 -2.47496 -1.77763
25.128000000 -2.23472 -2.47494 -1.77763
25.178000000 -2.2347 -2.47492 -1.77777
25.228000000 -2.2347 -2.4749 -1.77777
25.278000000 -2.23468 -2.47488 -1.77788
25.328000000 -2.23469 -2.47487 -1.77788
25.378000000 -2.23467 -2.47485 -1.778
25.428000000 -2.23467 -2.47484 -1.778
25.478000000 -2.23465 -2.47483 -1.77808
25.528000000 -2.23466 -2.47481 -1.77808
25.578000000 -2.23464 -2.4748 -1.77814
25.628000000 -2.23464 -2.47479 -1.77814
25.678000000 -2.23462 -2.47478 -1.77822
25.728000000 -2.23463 -2.47477 -1.77822
25.778000000 -2.23461 -2.47476 -1.77827
25.828000000 -2.23461 -2.47475 -1.77827
25.878000000 -2.23459 -2.47474 -1.77833
25.928000000 -2.2346 -2.47473 -1.77833
25.978000000 -2.23458 -2.47472 -1.77838
26.028000000 -2.23458 -2.47471 -1.77838
26.078000000 -2.23456 -2.47471 -1.77844
26.128000000 -2.23457 -2.4747 -1.77844
26.178000000 -2.23455 -2.47469 -1.77848
26.228000000 -2.23455 -2.47469 -1.77848
26.278000000 -2.23453 -2.47468 -1.77853
26.328000000 -2.23454 -2.47467 -1.77853
26.378000000 -2.23452 -2.47467 -1.77857
26.428000000 -2.23452 -2.47466 -1.77857
26.477000000 -2.2345 -2.47466 -1.77861
26.528000000 -2.23451 -2.47465 -1.77861
26.578000000 -2.23449 -2.47465 -1.77865
26.628000000 -2.23449 -2.47464 -1.77865
26.678000000 -2.23447 -2.47464 -1.77869
26.728000000 -2.23448 -2.47464 -1.77869
26.778000000 -2.23446 -2.47463 -1.77872
26.828000000 -2.23446 -2.47463 -1.77872
26.878000000 -2.23444 -2.47463 -1.77876
26.928000000 -2.23445 -2.47462 -1.77876
26.978000000 -2.23443 -2.47462 -1.77878
27.028000000 -2.23443 -2.47462 -1.77878
27.078000000 -2.23441 -2.47461 -1.77881
27.128000000 -2.23442 -2.47461 -1.77881
27.178000000 -2.2344 -2.47461 -1.77883
27.228000000 -2.2344 -2.47461 -1.77883
27.278000000 -2.23438 -2.4746 -1.77887
27.328000000 -2.23439 -2.4746 -1.77887
27.378000000 -2.23437 -2.4746 -1.77892
27.428000000 -2.23437 -2.4746 -1.77892
27.478000000 -2.23435 -2.4746 -1.77897
27.528000000 -2.23436 -2.47459 -1.77897
27.578000000 -2.23434 -2.47459 -1.77902
27.628000000 -2.23434 -2.47459 -1.77902
27.678000000 -2.23432 -2.47459 -1.77907
27.728000000 -2.23433 -2.47459 -1.77907
27.778000000 -2.23431 -2.47459 -1.77911
27.828000000 -2.23431 -2.47459 -1.77911
27.878000000 -2.23429 -2.47458 -1.77915
27.928000000 -2.2343 -2.47458 -1.77915
27.978000000 -2.23428 -2.47458 -1.77918
28.028000000 -2.23428 -2.47458 -1.77918
28.077000000 -2.23426 -2.47458 -1.77922
28.128000000 -2.23427 -2.47458 -1.77922
28.178000000 -2.23425 -2.47458 -1.77925
28.228000000 -2.23425 -2.47458 -1.77925
28.278000000 -2.23423 -2.47458 -1.77929
28.328000000 -2.23424 -2.47458 -1.77929
28.378000000 -2.23421 -2.47458 -1.77932
28.428000000 -2.23422 -2.47457 -1.77932
28.478000000 -2.2342 -2.47457 -1.77935
28.528000000 -2.2342 -2.47457 -1.77935
28.578000000 -2.23418 -2.47457 -1.77937
28.628000000 -2.23419 -2.47457 -1.77937
28.678000000 -2.23417 -2.47457 -1.7794
28.728000000 -2.23417 -2.47457 -1.7794
28.778000000 -2.23415 -2.47457 -1.77942
28.828000000 -2.23416 -2.47457 -1.77942
28.878000000 -2.23414 -2.47457 -1.77945
28.927000000 -2.23414 -2.47457 -1.77945
28.978000000 -2.23412 -2.47457 -1.77947
29.028000000 -2.23413 -2.47457 -1.77947
29.078000000 -2.23411 -2.47457 -1.7795
29.128000000 -2.23411 -2.47457 -1.7795
29.178000000 -2.23409 -2.47457 -1.77951
29.228000000 -2.2341 -2.47457 -1.77951
29.278000000 -2.23408 -2.47457 -1.77954
29.328000000 -2.23408 -2.47457 -1.77954
29.378000000 -2.23406 -2.47457 -1.77955
29.428000000 -2.23407 -2.47457 -1.77955
29.478000000 -2.23405 -2.47457 -1.77958
29.528000000 -2.23405 -2.47457 -1.77958
29.578000000 -2.23403 -2.47457 -1.77959
29.628000000 -2.23404 -2.47457 -1.77959
29.678000000 -2.23402 -2.47456 -1.77961
29.728000000 -2.23402 -2.47456 -1.77961
29.778000000 -2.234 -2.47456 -1.77962
29.828000000 -2.23401 -2.47456 -1.77962
29.878000000 -2.23399 -2.47456 -1.77965
29.928000000 -2.23399 -2.47456 -1.77965
29.978000000 -2.23397 -2.47456 -1.77966
30.028000000 -2.23398 -2.47456 -1.77966
30.078000000 -2.23396 -2.47456 -1.77968
30.128000000 -2.23396 -2.47456 -1.77968
30.178000000 -2.23394 -2.47456 -1.77969
30.228000000 -2.23395 -2.47456 -1.77969
30.278000000 -2.23393 -2.47456 -1.77971
30.328000000 -2.23393 -2.47456 -1.77971
30.378000000 -2.23391 -2.47456 -1.77972
30.428000000 -2.23392 -2.47456 -1.77972
30.478000000 -2.2339 -2.47456 -1.77973
30.528000000 -2.2339 -2.47456 -1.77973
30.578000000 -2.23388 -2.47456 -1.77971
30.628000000 -2.23389 -2.47456 -1.77971
30.678000000 -2.23387 -2.47456 -1.77971
30.728000000 -2.23387 -2.47456 -1.77971
30.778000000 -2.23385 -2.47456 -1.77969
30.828000000 -2.23386 -2.47456 -1.77969
30.878000000 -2.23383 -2.47456 -1.77969
30.928000000 -2.23384 -2.47456 -1.77969
30.978000000 -2.23382 -2.47456 -1.77967
31.028000000 -2.23382 -2.47456 -1.77967
31.078000000 -2.2338 -2.47456 -1.77967
31.128000000 -2.23381 -2.47456 -1.77967
31.178000000 -2.23379 -2.47456 -1.77966
31.228000000 -2.23379 -2.47456 -1.77966
31.278000000 -2.23377 -2.47456 -1.77966
31.328000000 -2.23378 -2.47456 -1.77966
31.378000000 -2.23376 -2.47456 -1.77965
31.429000000 -2.23376 -2.47456 -1.77965
31.478000000 -2.23374 -2.47456 -1.77966
31.528000000 -2.23375 -2.47456 -1.77966
31.578000000 -2.23373 -2.47456 -1.77965
31.628000000 -2.23373 -2.47456 -1.77965
31.678000000 -2.23371 -2.47456 -1.77965
31.728000000 -2.23372 -2.47456 -1.77965
31.778000000 -2.2337 -2.47456 -1.77965
31.828000000 -2.2337 -2.47456 -1.77965
31.878000000 -2.23368 -2.47456 -1.77965
31.928000000 -2.23369 -2.47456 -1.77965
31.978000000 -2.23367 -2.47456 -1.77965
32.028000000 -2.23367 -2.47456 -1.77965
32.079000000 -2.23365 -2.47456 -1.77966
32.128000000 -2.23366 -2.47456 -1.77966
32.178000000 -2.23364 -2.47456 -1.77965
32.228000000 -2.23364 -2.47456 -1.77965
32.278000000 -2.23362 -2.47456 -1.77966
32.328000000 -2.23363 -2.47456 -1.77966
32.378000000 -2.2336 -2.47456 -1.77966
32.428000000 -2.23361 -2.47456 -1.77966
32.478000000 -2.23359 -2.47456 -1.77967
32.528000000 -2.23359 -2.47456 -1.77967
32.578000000 -2.23357 -2.47456 -1.77967
32.628000000 -2.23358 -2.47456 -1.77967
32.677000000 -2.23356 -2.47456 -1.77968
32.728000000 -2.23356 -2.47456 -1.77968
32.778000000 -2.23354 -2.47456 -1.77968
32.828000000 -2.23355 -2.47456 -1.77968
32.878000000 -2.23353 -2.47456 -1.7797
32.928000000 -2.23353 -2.47456 -1.7797
32.978000000 -2.23351 -2.47456 -1.7797
33.028000000 -2.23352 -2.47456 -1.7797
33.078000000 -2.2335 -2.47456 -1.77972
33.128000000 -2.2335 -2.47456 -1.77972
33.175000000 -2.23348 -2.47456 -1.77972
33.229000000 -2.23349 -2.47456 -1.77972
33.278000000 -2.23347 -2.47456 -1.77975
33.328000000 -2.23347 -2.47456 -1.77975
33.378000000 -2.23345 -2.47456 -1.77975
33.428000000 -2.23346 -2.47456 -1.77975
33.478000000 -2.23344 -2.47456 -1.77977
33.528000000 -2.23344 -2.47456 -1.77977
33.578000000 -2.23342 -2.47456 -1.77977
33.628000000 -2.23343 -2.47456 -1.77977
33.678000000 -2.2334 -2.47456 -1.7798
33.728000000 -2.23341 -2.47456 -1.7798
33.778000000 -2.23339 -2.47456 -1.77979
33.827000000 -2.23339 -2.47456 -1.77979
33.878000000 -2.23337 -2.47456 -1.77982
33.928000000 -2.23338 -2.47456 -1.77982
33.978000000 -2.23336 -2.47456 -1.77982
34.028000000 -2.23336 -2.47456 -1.77982
34.078000000 -2.23334 -2.47456 -1.77984
34.128000000 -2.23335 -2.47456 -1.77984
34.178000000 -2.23333 -2.47456 -1.77984
34.228000000 -2.23333 -2.47456 -1.77984
34.278000000 -2.23331 -2.47456 -1.77986
34.328000000 -2.23332 -2.47456 -1.77986
34.378000000 -2.2333 -2.47456 -1.77986
34.428000000 -2.2333 -2.47456 -1.77986
34.478000000 -2.23328 -2.47456 -1.77988
34.528000000 -2.23329 -2.47456 -1.77988
34.578000000 -2.23327 -2.47456 -1.77988
34.628000000 -2.23327 -2.47456 -1.77988
34.678000000 -2.23325 -2.47456 -1.77989
34.728000000 -2.23326 -2.47456 -1.77989
34.778000000 -2.23323 -2.47456 -1.77989
34.829000000 -2.23324 -2.47456 -1.77989
34.877000000 -2.23322 -2.47456 -1.7799
34.928000000 -2.23322 -2.47456 -1.7799
34.978000000 -2.2332 -2.47456 -1.7799
35.028000000 -2.23321 -2.47456 -1.7799
35.078000000 -2.23319 -2.47456 -1.77991
35.128000000 -2.23319 -2.47456 -1.77991
35.178000000 -2.23317 -2.47456 -1.77992
35.228000000 -2.23318 -2.47456 -1.77992
35.278000000 -2.23316 -2.47456 -1.77993
35.328000000 -2.23316 -2.47456 -1.77993
35.378000000 -2.23314 -2.47456 -1.77993
35.428000000 -2.23315 -2.47456 -1.77993
35.478000000 -2.23313 -2.47456 -1.77994
35.528000000 -2.23313 -2.47456 -1.77994
35.578000000 -2.23311 -2.47456 -1.77994
35.628000000 -2.23312 -2.47456 -1.77994
35.678000000 -2.23309 -2.47456 -1.77996
35.728000000 -2.2331 -2.47456 -1.77996
35.778000000 -2.23308 -2.47456 -1.77996
35.828000000 -2.23308 -2.47456 -1.77996
35.878000000 -2.23306 -2.47456 -1.77997
35.928000000 -2.23307 -2.47456 -1.77997
35.978000000 -2.23305 -2.47456 -1.77997
36.028000000 -2.23305 -2.47456 -1.77997
36.078000000 -2.23303 -2.47456 -1.77999
36.128000000 -2.23304 -2.47456 -1.77999
36.178000000 -2.23302 -2.47456 -1.77999
36.228000000 -2.23302 -2.47456 -1.77999
36.278000000 -2.233 -2.47456 -1.78
36.326000000 -2.23301 -2.47456 -1.78
36.378000000 -2.23299 -2.47456 -1.78001
36.428000000 -2.23299 -2.47456 -1.78001
36.478000000 -2.23297 -2.47456 -1.78002
36.528000000 -2.23298 -2.47456 -1.78002
36.578000000 -2.23295 -2.47456 -1.78002
36.628000000 -2.23296 -2.47456 -1.78002
36.678000000 -2.23294 -2.47456 -1.78005
36.728000000 -2.23294 -2.47456 -1.78005
36.778000000 -2.23292 -2.47456 -1.78005
36.828000000 -2.23293 -2.47456 -1.78005
36.878000000 -2.23291 -2.47456 -1.78006
36.928000000 -2.23291 -2.47456 -1.78006
36.978000000 -2.23289 -2.47456 -1.78007
37.028000000 -2.2329 -2.47456 -1.78007
37.078000000 -2.23288 -2.47456 -1.78008
37.128000000 -2.23288 -2.47456 -1.78008
37.178000000 -2.23286 -2.47456 -1.78008
37.228000000 -2.23287 -2.47456 -1.78008
37.278000000 -2.23285 -2.47456 -1.7801
37.328000000 -2.23285 -2.47456 -1.7801
37.378000000 -2.23283 -2.47456 -1.7801
37.428000000 -2.23284 -2.47456 -1.7801
37.478000000 -2.23281 -2.47456 -1.78011
37.528000000 -2.23282 -2.47456 -1.78011
37.578000000 -2.2328 -2.47456 -1.78012
37.628000000 -2.2328 -2.47456 -1.78012
37.678000000 -2.23278 -2.47456 -1.78013
37.728000000 -2.23279 -2.47456 -1.78013
37.778000000 -2.23277 -2.47456 -1.78013
37.828000000 -2.23277 -2.47456 -1.78013
37.878000000 -2.23275 -2.47456 -1.78015
37.928000000 -2.23276 -2.47456 -1.78015
37.978000000 -2.23274 -2.47456 -1.78015
38.024000000 -2.23274 -2.47456 -1.78015
38.078000000 -2.23272 -2.47456 -1.78016
38.128000000 -2.23273 -2.47456 -1.78016
38.178000000 -2.2327 -2.47456 -1.78017
38.228000000 -2.23271 -2.47456 -1.78017
38.278000000 -2.23269 -2.47456 -1.78018
38.328000000 -2.23269 -2.47456 -1.78018
38.378000000 -2.23267 -2.47456 -1.78019
38.428000000 -2.23268 -2.47456 -1.78019
38.478000000 -2.23266 -2.47456 -1.7802
38.528000000 -2.23266 -2.47456 -1.7802
38.578000000 -2.23264 -2.47456 -1.7802
38.628000000 -2.23265 -2.47456 -1.7802
38.678000000 -2.23263 -2.47456 -1.78023
38.728000000 -2.23263 -2.47456 -1.78023
38.778000000 -2.23261 -2.47456 -1.78023
38.828000000 -2.23262 -2.47456 -1.78023
38.878000000 -2.23259 -2.47456 -1.78024
38.928000000 -2.2326 -2.47456 -1.78024
38.978000000 -2.23258 -2.47456 -1.78025
39.028000000 -2.23258 -2.47456 -1.78025
39.078000000 -2.23256 -2.47456 -1.78026
39.128000000 -2.23257 -2.47456 -1.78026
39.178000000 -2.23255 -2.47456 -1.78027
39.228000000 -2.23255 -2.47456 -1.78027
39.278000000 -2.23253 -2.47456 -1.78028
39.328000000 -2.23254 -2.47456 -1.78028
39.378000000 -2.23252 -2.47456 -1.78028
39.428000000 -2.23252 -2.47456 -1.78028
39.477000000 -2.2325 -2.47456 -1.7803
39.528000000 -2.23251 -2.47456 -1.7803
39.579000000 -2.23248 -2.47456 -1.7803
39.629000000 -2.23249 -2.47456 -1.7803
39.678000000 -2.23247 -2.47456 -1.78031
39.728000000 -2.23247 -2.47456 -1.78031
39.778000000 -2.23245 -2.47456 -1.78032
39.828000000 -2.23246 -2.47456 -1.78032
39.878000000 -2.23244 -2.47456 -1.78033
39.928000000 -2.23244 -2.47456 -1.78033
39.978000000 -2.23242 -2.47456 -1.78033
40.028000000 -2.23243 -2.47456 -1.78033
40.079000000 -2.23241 -2.47456 -1.78035
40.129000000 -2.23241 -2.47456 -1.78035
40.178000000 -2.23239 -2.47456 -1.78035
40.228000000 -2.23239 -2.47456 -1.78035
40.278000000 -2.23237 -2.47456 -1.78037
40.328000000 -2.23238 -2.47456 -1.78037
40.378000000 -2.23236 -2.47456 -1.78037
40.428000000 -2.23236 -2.47456 -1.78037
40.478000000 -2.23234 -2.47456 -1.78039
40.528000000 -2.23235 -2.47456 -1.78039
40.578000000 -2.23233 -2.47456 -1.7804
40.628000000 -2.23233 -2.47456 -1.7804
40.678000000 -2.23231 -2.47456 -1.78042
40.728000000 -2.23232 -2.47456 -1.78042
40.780000000 -2.23229 -2.47456 -1.78043
40.828000000 -2.2323 -2.47456 -1.78043
40.878000000 -2.23228 -2.47456 -1.78045
40.928000000 -2.23228 -2.47456 -1.78045
40.978000000 -2.23226 -2.47456 -1.78045
41.028000000 -2.23227 -2.47456 -1.78045
41.078000000 -2.23225 -2.47456 -1.78047
41.129000000 -2.23225 -2.47456 -1.78047
41.178000000 -2.23223 -2.47456 -1.78048
41.228000000 -2.23224 -2.47456 -1.78048
41.279000000 -2.23222 -2.47456 -1.7805
41.328000000 -2.23222 -2.47456 -1.7805
41.378000000 -2.2322 -2.47456 -1.78051
41.428000000 -2.2322 -2.47456 -1.78051
41.478000000 -2.23218 -2.47456 -1.78052
41.528000000 -2.23219 -2.47456 -1.78052
41.578000000 -2.23217 -2.47456 -1.78053
41.628000000 -2.23217 -2.47456 -1.78053
41.678000000 -2.23215 -2.47456 -1.78055
41.728000000 -2.23216 -2.47456 -1.78055
41.778000000 -2.23214 -2.47456 -1.78056
41.828000000 -2.23214 -2.47456 -1.78056
41.878000000 -2.23212 -2.47456 -1.78056
41.919000000 -2.23213 -2.47456 -1.78056
41.978000000 -2.2321 -2.47456 -1.78057
42.029000000 -2.23211 -2.47456 -1.78057
42.078000000 -2.23209 -2.47456 -1.78057
42.129000000 -2.23209 -2.47456 -1.78057
42.178000000 -2.23207 -2.47456 -1.78058
42.229000000 -2.23208 -2.47456 -1.78058
42.278000000 -2.23206 -2.47456 -1.78059
42.328000000 -2.23206 -2.47456 -1.78059
42.379000000 -2.23204 -2.47456 -1.7806
42.428000000 -2.23205 -2.47456 -1.7806
42.478000000 -2.23202 -2.47456 -1.7806
42.528000000 -2.23203 -2.47456 -1.7806
42.578000000 -2.23201 -2.47456 -1.78061
42.628000000 -2.23201 -2.47456 -1.78061
42.678000000 -2.23199 -2.47456 -1.78062
42.728000000 -2.232 -2.47456 -1.78062
42.777000000 -2.23198 -2.47456 -1.78062
42.828000000 -2.23198 -2.47456 -1.78062
42.878000000 -2.23196 -2.47456 -1.78063
42.928000000 -2.23197 -2.47456 -1.78063
42.978000000 -2.23194 -2.47456 -1.78064
43.027000000 -2.23195 -2.47456 -1.78064
43.078000000 -2.23193 -2.47456 -1.78065
43.128000000 -2.23193 -2.47456 -1.78065
43.181000000 -2.23191 -2.47456 -1.78066
43.228000000 -2.23192 -2.47456 -1.78066
43.278000000 -2.2319 -2.47456 -1.78067
43.328000000 -2.2319 -2.47456 -1.78067
43.378000000 -2.23188 -2.47456 -1.78068
43.428000000 -2.23189 -2.47456 -1.78068
43.478000000 -2.23187 -2.47456 -1.78069
43.528000000 -2.23187 -2.47456 -1.78069
43.578000000 -2.23185 -2.47456 -1.7807
43.628000000 -2.23185 -2.47456 -1.7807
43.679000000 -2.23183 -2.47456 -1.78071
43.733000000 -2.23184 -2.47456 -1.78071
43.778000000 -2.23182 -2.47456 -1.78073
43.828000000 -2.23182 -2.47456 -1.78073
43.878000000 -2.2318 -2.47456 -1.78075
43.928000000 -2.23181 -2.47456 -1.78075
43.978000000 -2.23179 -2.47456 -1.78076
44.028000000 -2.23179 -2.47456 -1.78076
44.078000000 -2.23177 -2.47456 -1.78078
44.128000000 -2.23177 -2.47456 -1.78078
44.178000000 -2.23175 -2.47456 -1.7808
44.228000000 -2.23176 -2.47456 -1.7808
44.278000000 -2.23174 -2.47456 -1.78081
44.328000000 -2.23174 -2.47456 -1.78081
44.381000000 -2.23172 -2.47456 -1.78083
44.428000000 -2.23173 -2.47456 -1.78083
44.478000000 -2.2317 -2.47456 -1.78084
44.528000000 -2.23171 -2.47456 -1.78084
44.578000000 -2.23169 -2.47456 -1.78086
44.628000000 -2.23169 -2.47456 -1.78086
44.678000000 -2.23167 -2.47456 -1.78087
44.728000000 -2.23168 -2.47456 -1.78087
44.778000000 -2.23166 -2.47456 -1.78088
44.828000000 -2.23166 -2.47456 -1.78088
44.878000000 -2.23164 -2.47456 -1.78089
44.928000000 -2.23165 -2.47456 -1.78089
44.978000000 -2.23162 -2.47456 -1.7809
45.028000000 -2.23163 -2.47456 -1.7809
45.078000000 -2.23161 -2.47456 -1.7809
45.128000000 -2.23161 -2.47456 -1.7809
45.178000000 -2.23159 -2.47456 -1.78091
45.228000000 -2.2316 -2.47456 -1.78091
45.278000000 -2.23158 -2.47456 -1.78092
45.328000000 -2.23158 -2.47456 -1.78092
45.378000000 -2.23156 -2.47456 -1.78093
45.428000000 -2.23157 -2.47456 -1.78093
45.478000000 -2.23154 -2.47456 -1.78093
45.528000000 -2.23155 -2.47456 -1.78093
45.578000000 -2.23153 -2.47456 -1.78095
45.628000000 -2.23153 -2.47456 -1.78095
45.681000000 -2.23151 -2.47456 -1.78095
45.728000000 -2.23152 -2.47456 -1.78095
45.778000000 -2.2315 -2.47456 -1.78096
45.830000000 -2.2315 -2.47456 -1.78096
45.878000000 -2.23148 -2.47456 -1.78097
45.928000000 -2.23149 -2.47456 -1.78097
45.978000000 -2.23146 -2.47456 -1.78098
46.028000000 -2.23147 -2.47456 -1.78098
46.078000000 -2.23145 -2.47456 -1.78098
46.128000000 -2.23145 -2.47456 -1.78098
46.178000000 -2.23143 -2.47456 -1.781
46.228000000 -2.23144 -2.47456 -1.781
46.278000000 -2.23142 -2.47456 -1.781
46.328000000 -2.23142 -2.47456 -1.781
46.377000000 -2.2314 -2.47456 -1.78101
46.428000000 -2.2314 -2.47456 -1.78101
46.478000000 -2.23138 -2.47456 -1.78102
46.528000000 -2.23139 -2.47456 -1.78102
46.578000000 -2.23137 -2.47456 -1.78103
46.628000000 -2.23137 -2.47456 -1.78103
46.678000000 -2.23135 -2.47456 -1.78104
46.728000000 -2.23136 -2.47456 -1.78104
46.778000000 -2.23133 -2.47456 -1.78105
46.828000000 -2.23134 -2.47456 -1.78105
46.878000000 -2.23132 -2.47456 -1.78105
46.928000000 -2.23132 -2.47456 -1.78105
46.978000000 -2.2313 -2.47456 -1.78107
47.028000000 -2.23131 -2.47456 -1.78107
47.078000000 -2.23129 -2.47456 -1.78107
47.128000000 -2.23129 -2.47456 -1.78107
47.178000000 -2.23127 -2.47456 -1.78109
47.229000000 -2.23128 -2.47456 -1.78109
47.278000000 -2.23125 -2.47456 -1.78109
47.328000000 -2.23126 -2.47456 -1.78109
47.378000000 -2.23124 -2.47456 -1.7811
47.429000000 -2.23124 -2.47456 -1.7811
47.478000000 -2.23122 -2.47456 -1.78111
47.528000000 -2.23123 -2.47456 -1.78111
47.578000000 -2.23121 -2.47456 -1.78112
47.628000000 -2.23121 -2.47456 -1.78112
47.678000000 -2.23119 -2.47456 -1.78113
47.728000000 -2.23119 -2.47456 -1.78113
47.778000000 -2.23117 -2.47456 -1.78114
47.828000000 -2.23118 -2.47456 -1.78114
47.878000000 -2.23116 -2.47456 -1.78114
47.927000000 -2.23116 -2.47456 -1.78114
47.978000000 -2.23114 -2.47456 -1.78116
48.028000000 -2.23115 -2.47456 -1.78116
48.078000000 -2.23112 -2.47456 -1.78116
48.128000000 -2.23113 -2.47456 -1.78116
48.178000000 -2.23111 -2.47456 -1.78118
48.228000000 -2.23111 -2.47456 -1.78118
48.278000000 -2.23109 -2.47456 -1.78118
48.328000000 -2.2311 -2.47456 -1.78118
48.378000000 -2.23108 -2.47456 -1.7812
48.428000000 -2.23108 -2.47456 -1.7812
48.478000000 -2.23106 -2.47456 -1.7812
48.528000000 -2.23106 -2.47456 -1.7812
48.578000000 -2.23104 -2.47456 -1.78121
48.628000000 -2.23105 -2.47456 -1.78121
48.678000000 -2.23103 -2.47456 -1.78122
48.728000000 -2.23103 -2.47456 -1.78122
48.778000000 -2.23101 -2.47456 -1.78123
48.828000000 -2.23102 -2.47456 -1.78123
48.878000000 -2.23099 -2.47456 -1.78124
48.928000000 -2.231 -2.47456 -1.78124
48.978000000 -2.23098 -2.47456 -1.78125
49.028000000 -2.23098 -2.47456 -1.78125
49.078000000 -2.23096 -2.47456 -1.78126
49.128000000 -2.23097 -2.47456 -1.78126
49.178000000 -2.23095 -2.47456 -1.78126
49.228000000 -2.23095 -2.47456 -1.78126
49.278000000 -2.23093 -2.47456 -1.78127
49.328000000 -2.23093 -2.47456 -1.78127
49.378000000 -2.23091 -2.47456 -1.78128
49.428000000 -2.23092 -2.47456 -1.78128
49.478000000 -2.2309 -2.47456 -1.78129
49.528000000 -2.2309 -2.47456 -1.78129
49.578000000 -2.23088 -2.47456 -1.7813
49.628000000 -2.23089 -2.47456 -1.7813
49.678000000 -2.23086 -2.47456 -1.78131
49.728000000 -2.23087 -2.47456 -1.78131
49.778000000 -2.23085 -2.47456 -1.78132
49.828000000 -2.23085 -2.47456 -1.78132
49.879000000 -2.23083 -2.47456 -1.78133
49.928000000 -2.23084 -2.47456 -1.78133
49.978000000 -2.23081 -2.47456 -1.78134
50.028000000 -2.23082 -2.47456 -1.78134
50.078000000 -2.2308 -2.47456 -1.78135
50.128000000 -2.2308 -2.47456 -1.78135
50.178000000 -2.23078 -2.47456 -1.78136
50.228000000 -2.23079 -2.47456 -1.78136
50.278000000 -2.23077 -2.47456 -1.78137
50.328000000 -2.23077 -2.47456 -1.78137
50.378000000 -2.23075 -2.47456 -1.78138
50.428000000 -2.23075 -2.47456 -1.78138
50.478000000 -2.23073 -2.47456 -1.78139
50.528000000 -2.23074 -2.47456 -1.78139
50.578000000 -2.23072 -2.47456 -1.7814
50.628000000 -2.23072 -2.47456 -1.7814
50.678000000 -2.2307 -2.47456 -1.78141
50.728000000 -2.23071 -2.47456 -1.78141
50.778000000 -2.23068 -2.47456 -1.78142
50.828000000 -2.23069 -2.47456 -1.78142
50.878000000 -2.23067 -2.47456 -1.78143
50.928000000 -2.23067 -2.47456 -1.78143
50.978000000 -2.23065 -2.47456 -1.78144
51.028000000 -2.23066 -2.47456 -1.78144
51.078000000 -2.23063 -2.47456 -1.78145
51.128000000 -2.23064 -2.47456 -1.78145
51.178000000 -2.23062 -2.47456 -1.78146
51.228000000 -2.23062 -2.47456 -1.78146
51.278000000 -2.2306 -2.47456 -1.78147
51.329000000 -2.23061 -2.47456 -1.78147
51.378000000 -2.23059 -2.47456 -1.78148
51.428000000 -2.23059 -2.47456 -1.78148
51.477000000 -2.23057 -2.47456 -1.78149
51.528000000 -2.23057 -2.47456 -1.78149
51.578000000 -2.23055 -2.47456 -1.78149
51.628000000 -2.23056 -2.47456 -1.78149
51.678000000 -2.23054 -2.47456 -1.7815
51.729000000 -2.23054 -2.47456 -1.7815
51.778000000 -2.23052 -2.47456 -1.78151
51.828000000 -2.23053 -2.47456 -1.78151
51.878000000 -2.2305 -2.47456 -1.78153
51.928000000 -2.23051 -2.47456 -1.78153
51.978000000 -2.23049 -2.47456 -1.78154
52.028000000 -2.23049 -2.47456 -1.78154
52.078000000 -2.23047 -2.47456 -1.78155
52.128000000 -2.23048 -2.47456 -1.78155
52.178000000 -2.23045 -2.47456 -1.78156
52.228000000 -2.23046 -2.47456 -1.78156
52.278000000 -2.23044 -2.47456 -1.78157
52.328000000 -2.23044 -2.47456 -1.78157
52.378000000 -2.23042 -2.47456 -1.78158
52.428000000 -2.23043 -2.47456 -1.78158
52.478000000 -2.2304 -2.47456 -1.78159
52.528000000 -2.23041 -2.47456 -1.78159
52.578000000 -2.23039 -2.47456 -1.7816
52.628000000 -2.23039 -2.47456 -1.7816
52.677000000 -2.23037 -2.47456 -1.78161
52.728000000 -2.23038 -2.47456 -1.78161
52.778000000 -2.23035 -2.47456 -1.78162
52.828000000 -2.23036 -2.47456 -1.78162
52.878000000 -2.23034 -2.47456 -1.78163
52.928000000 -2.23034 -2.47456 -1.78163
52.979000000 -2.23032 -2.47456 -1.78164
53.028000000 -2.23033 -2.47456 -1.78164
53.078000000 -2.23033 -2.47456 -1.78164
53.128000000 -2.23031 -2.47456 -1.78167
53.178000000 -2.23032 -2.47456 -1.78167
53.228000000 -2.23029 -2.47456 -1.78171
53.278000000 -2.2303 -2.47456 -1.78171
53.328000000 -2.23028 -2.47456 -1.78173
53.379000000 -2.23026 -2.47456 -1.78174
53.428000000 -2.23026 -2.47456 -1.78174
53.478000000 -2.23027 -2.47456 -1.78174
53.527000000 -2.23024 -2.47456 -1.78176
53.578000000 -2.23025 -2.47456 -1.78176
53.628000000 -2.23023 -2.47456 -1.7818
53.678000000 -2.23023 -2.47456 -1.7818
53.730000000 -2.23021 -2.47456 -1.78182
53.778000000 -2.23022 -2.47456 -1.78182
53.828000000 -2.2302 -2.47456 -1.78185
53.878000000 -2.2302 -2.47456 -1.78185
53.928000000 -2.23018 -2.47456 -1.78187
53.978000000 -2.23018 -2.47456 -1.78187
54.028000000 -2.23016 -2.47456 -1.7819
54.078000000 -2.23017 -2.47456 -1.7819
54.128000000 -2.23015 -2.47456 -1.78191
54.178000000 -2.23015 -2.47456 -1.78191
54.228000000 -2.23013 -2.47456 -1.78194
54.278000000 -2.23013 -2.47456 -1.78194
54.328000000 -2.23011 -2.47456 -1.78195
